# Load-curve quantities extracted from the Excel (run 205, 25 mK), one row per (channel, bias). Units: V in V, I in A, R in Ohm.
channel,bias_V,V_bol_V,I_bol_A,R_bol_Ohm,R_load_Ohm
13,0.600,0.00192316,2.89385e-10,6.64569e+06,2.069e+09
13,1.000,0.00296929,4.80029e-10,6.18563e+06,2.069e+09
13,1.400,0.00379275,6.66311e-10,5.69216e+06,2.069e+09
13,1.800,0.00451272,8.76741e-10,5.14715e+06,2.069e+09
13,2.000,0.00479324,9.73396e-10,4.92425e+06,2.069e+09
13,3.000,0.00577629,1.4619e-09,3.95122e+06,2.069e+09
13,4.000,0.00634632,1.92401e-09,3.29849e+06,2.069e+09
13,5.000,0.00672148,2.40486e-09,2.79496e+06,2.069e+09
13,6.000,0.0069825,2.90189e-09,2.40619e+06,2.069e+09
13,8.000,0.00728071,3.86849e-09,1.88206e+06,2.069e+09
13,10.000,0.0074431,4.83566e-09,1.53921e+06,2.069e+09
13,20.000,0.00760989,9.66624e-09,787265,2.069e+09
13,26.000,0.00757632,1.25653e-08,602958,2.069e+09
13,30.000,0.00754654,1.44999e-08,520456,2.069e+09
13,40.000,0.00745734,1.92506e-08,387383,2.069e+09
13,50.000,0.00737036,2.40388e-08,306603,2.069e+09
14,0.600,0.00373805,2.87961e-10,1.29811e+07,2.069e+09
14,1.000,0.00529907,4.85839e-10,1.0907e+07,2.069e+09
14,1.400,0.00626349,6.78287e-10,9.23427e+06,2.069e+09
14,1.800,0.00690379,8.71264e-10,7.92388e+06,2.069e+09
14,2.000,0.00714346,9.64682e-10,7.40499e+06,2.069e+09
14,3.000,0.00788527,1.43738e-09,5.48586e+06,2.069e+09
14,4.000,0.00826846,1.93705e-09,4.26858e+06,2.069e+09
14,5.000,0.00845225,2.41771e-09,3.49598e+06,2.069e+09
14,6.000,0.00856,2.90164e-09,2.95006e+06,2.069e+09
14,8.000,0.00865574,3.8664e-09,2.23871e+06,2.069e+09
14,10.000,0.00868261,4.83555e-09,1.79558e+06,2.069e+09
14,20.000,0.00858448,9.54304e-09,899554,2.069e+09
14,26.000,0.00849989,1.24385e-08,683353,2.069e+09
14,30.000,0.00844791,1.43705e-08,587864,2.069e+09
14,40.000,0.00833113,1.92014e-08,433880,2.069e+09
14,50.000,0.00823558,2.40372e-08,342617,2.069e+09
15,0.600,0.0489304,2.67917e-10,1.82633e+08,2.069e+09
15,1.000,0.0489423,4.62952e-10,1.05718e+08,2.069e+09
15,1.400,0.0489639,6.52869e-10,7.49981e+07,2.069e+09
15,1.800,0.0489814,8.48337e-10,5.77382e+07,2.069e+09
15,2.000,0.0489877,9.44443e-10,5.18694e+07,2.069e+09
15,3.000,0.0490014,1.43145e-09,3.4232e+07,2.069e+09
15,4.000,0.0490022,1.91195e-09,2.56294e+07,2.069e+09
15,5.000,0.0490034,2.39662e-09,2.04469e+07,2.069e+09
15,6.000,0.0490038,2.87936e-09,1.7019e+07,2.069e+09
15,8.000,0.0490039,3.8425e-09,1.27531e+07,2.069e+09
15,10.000,0.0490038,4.81022e-09,1.01874e+07,2.069e+09
15,20.000,0.0490019,9.64612e-09,5.07996e+06,2.069e+09
15,26.000,0.049002,1.25442e-08,3.90634e+06,2.069e+09
15,30.000,0.0490022,1.44839e-08,3.38322e+06,2.069e+09
15,40.000,0.0490014,1.93106e-08,2.53754e+06,2.069e+09
15,50.000,0.0490013,2.41509e-08,2.02897e+06,2.069e+09
16,0.600,0.0117723,2.82237e-10,4.17109e+07,2.069e+09
16,1.000,0.013851,4.70952e-10,2.94107e+07,2.069e+09
16,1.400,0.0147787,6.77888e-10,2.18011e+07,2.069e+09
16,1.800,0.0150041,8.67403e-10,1.72978e+07,2.069e+09
16,2.000,0.0149031,9.63773e-10,1.54633e+07,2.069e+09
16,3.000,0.0141721,1.44976e-09,9.77547e+06,2.069e+09
16,4.000,0.0138649,1.93092e-09,7.1805e+06,2.069e+09
16,5.000,0.0137097,2.41334e-09,5.68081e+06,2.069e+09
16,6.000,0.0136271,2.89932e-09,4.70011e+06,2.069e+09
16,8.000,0.0135582,3.87095e-09,3.50256e+06,2.069e+09
16,10.000,0.0135454,4.82947e-09,2.80473e+06,2.069e+09
16,20.000,0.0135598,9.5424e-09,1.421e+06,2.069e+09
16,26.000,0.0135223,1.2444e-08,1.08665e+06,2.069e+09
16,30.000,0.013489,1.43738e-08,938443,2.069e+09
16,40.000,0.0134021,1.91988e-08,698071,2.069e+09
16,50.000,0.0133197,2.395e-08,556147,2.069e+09
17,0.600,0.000395797,2.90278e-10,1.36351e+06,2.069e+09
17,1.000,0.000657115,4.85666e-10,1.35302e+06,2.069e+09
17,1.400,0.000909945,6.85036e-10,1.32832e+06,2.069e+09
17,1.800,0.00113462,8.72023e-10,1.30113e+06,2.069e+09
17,2.000,0.00125247,9.72831e-10,1.28745e+06,2.069e+09
17,3.000,0.00173049,1.44534e-09,1.1973e+06,2.069e+09
17,4.000,0.00213926,1.92539e-09,1.11108e+06,2.069e+09
17,5.000,0.00246574,2.42297e-09,1.01765e+06,2.069e+09
17,6.000,0.00272245,2.90645e-09,936690,2.069e+09
17,8.000,0.00305885,3.73946e-09,817991,2.069e+09
17,10.000,0.00333794,4.71256e-09,708307,2.069e+09
17,20.000,0.00391151,9.40116e-09,416067,2.069e+09
17,26.000,0.00403788,1.23458e-08,327064,2.069e+09
17,30.000,0.00408514,1.42452e-08,286774,2.069e+09
17,40.000,0.00414725,1.89446e-08,218915,2.069e+09
17,50.000,0.00416937,2.36465e-08,176321,2.069e+09
18,0.600,0.00111299,2.91656e-10,3.81612e+06,2.069e+09
18,1.000,0.00148173,4.83329e-10,3.06568e+06,2.069e+09
18,1.400,0.00169709,6.7933e-10,2.49818e+06,2.069e+09
18,1.800,0.0017864,8.73627e-10,2.04481e+06,2.069e+09
18,2.000,0.00183266,9.64924e-10,1.89928e+06,2.069e+09
18,3.000,0.00202044,1.45347e-09,1.39008e+06,2.069e+09
18,4.000,0.00216022,1.93286e-09,1.11763e+06,2.069e+09
18,5.000,0.00227063,2.41558e-09,939996,2.069e+09
18,6.000,0.00236668,2.89906e-09,816360,2.069e+09
18,8.000,0.00252783,3.87075e-09,653059,2.069e+09
18,10.000,0.00264808,4.82984e-09,548275,2.069e+09
18,20.000,0.00320703,9.54675e-09,335929,2.069e+09
18,26.000,0.00343986,1.24453e-08,276399,2.069e+09
18,30.000,0.00357044,1.43759e-08,248362,2.069e+09
18,40.000,0.00381316,1.90792e-08,199860,2.069e+09
18,50.000,0.00398511,2.3946e-08,166421,2.069e+09
19,0.600,0.0124019,2.82744e-10,4.38625e+07,2.069e+09
19,1.000,0.0137488,4.78932e-10,2.87073e+07,2.069e+09
19,1.400,0.0140973,6.71587e-10,2.09911e+07,2.069e+09
19,1.800,0.0141608,8.6317e-10,1.64055e+07,2.069e+09
19,2.000,0.0141542,9.5922e-10,1.47559e+07,2.069e+09
19,3.000,0.0139243,1.44603e-09,9.62934e+06,2.069e+09
19,4.000,0.013696,1.92453e-09,7.11658e+06,2.069e+09
19,5.000,0.0135554,2.41286e-09,5.61799e+06,2.069e+09
19,6.000,0.0134699,2.89583e-09,4.65146e+06,2.069e+09
19,8.000,0.0133665,3.85847e-09,3.46418e+06,2.069e+09
19,10.000,0.0132945,4.82538e-09,2.75512e+06,2.069e+09
19,20.000,0.0131149,9.65872e-09,1.35784e+06,2.069e+09
19,26.000,0.0130868,1.25587e-08,1.04205e+06,2.069e+09
19,30.000,0.0130796,1.44912e-08,902584,2.069e+09
19,40.000,0.0130751,1.93244e-08,676611,2.069e+09
19,50.000,0.0130767,2.41594e-08,541270,2.069e+09
20,0.600,0.00845846,2.85361e-10,2.96413e+07,2.069e+09
20,1.000,0.0104581,4.78227e-10,2.18685e+07,2.069e+09
20,1.400,0.0114529,6.74054e-10,1.69911e+07,2.069e+09
20,1.800,0.0119691,8.66941e-10,1.38062e+07,2.069e+09
20,2.000,0.0121367,9.62645e-10,1.26077e+07,2.069e+09
20,3.000,0.0124977,1.4473e-09,8.63517e+06,2.069e+09
20,4.000,0.0125489,1.92671e-09,6.51313e+06,2.069e+09
20,5.000,0.0125047,2.41441e-09,5.1792e+06,2.069e+09
20,6.000,0.0124438,2.89822e-09,4.29359e+06,2.069e+09
20,8.000,0.0123239,3.86025e-09,3.19252e+06,2.069e+09
20,10.000,0.0122312,4.82971e-09,2.53249e+06,2.069e+09
20,20.000,0.0119495,9.66265e-09,1.23667e+06,2.069e+09
20,26.000,0.0118382,1.25594e-08,942579,2.069e+09
20,30.000,0.0117764,1.44942e-08,812489,2.069e+09
20,40.000,0.0116457,1.93283e-08,602519,2.069e+09
20,50.000,0.0115385,2.41613e-08,477559,2.069e+09
21,0.600,0.00637415,2.89563e-10,2.2013e+07,2.069e+09
21,1.000,0.00811558,4.81679e-10,1.68485e+07,2.069e+09
21,1.400,0.00902602,6.72854e-10,1.34145e+07,2.069e+09
21,1.800,0.00954192,8.64798e-10,1.10337e+07,2.069e+09
21,2.000,0.00971835,9.61446e-10,1.01081e+07,2.069e+09
21,3.000,0.0101507,1.44407e-09,7.02921e+06,2.069e+09
21,4.000,0.010274,1.93042e-09,5.32217e+06,2.069e+09
21,5.000,0.010291,2.41433e-09,4.26246e+06,2.069e+09
21,6.000,0.0102813,2.89469e-09,3.55178e+06,2.069e+09
21,8.000,0.0102364,3.86374e-09,2.64934e+06,2.069e+09
21,10.000,0.0101955,4.82741e-09,2.11201e+06,2.069e+09
21,20.000,0.0100242,9.66392e-09,1.03728e+06,2.069e+09
21,26.000,0.00994445,1.25629e-08,791572,2.069e+09
21,30.000,0.00989805,1.44932e-08,682943,2.069e+09
21,40.000,0.00979739,1.93294e-08,506866,2.069e+09
21,50.000,0.00971247,2.41589e-08,402025,2.069e+09
22,0.600,0.00839431,2.85774e-10,2.9374e+07,2.069e+09
22,1.000,0.0104006,4.80889e-10,2.16278e+07,2.069e+09
22,1.400,0.0113576,6.70924e-10,1.69282e+07,2.069e+09
22,1.800,0.011883,8.62952e-10,1.37702e+07,2.069e+09
22,2.000,0.0120615,9.60526e-10,1.25572e+07,2.069e+09
22,3.000,0.0124595,1.44684e-09,8.6115e+06,2.069e+09
22,4.000,0.0125487,1.92592e-09,6.51569e+06,2.069e+09
22,5.000,0.0125352,2.41185e-09,5.19735e+06,2.069e+09
22,6.000,0.0124968,2.89397e-09,4.31821e+06,2.069e+09
22,8.000,0.0123967,3.85938e-09,3.21209e+06,2.069e+09
22,10.000,0.0123005,4.82627e-09,2.54867e+06,2.069e+09
22,20.000,0.0119773,9.66241e-09,1.23957e+06,2.069e+09
22,26.000,0.0118434,1.25636e-08,942675,2.069e+09
22,30.000,0.0117643,1.44954e-08,811591,2.069e+09
22,40.000,0.0116086,1.93282e-08,600606,2.069e+09
22,50.000,0.0114792,2.41607e-08,475121,2.069e+09
23,0.600,0.0106153,2.85101e-10,3.72334e+07,2.069e+09
23,1.000,0.0123649,4.79983e-10,2.57611e+07,2.069e+09
23,1.400,0.0130344,6.72216e-10,1.93901e+07,2.069e+09
23,1.800,0.0133084,8.65999e-10,1.53677e+07,2.069e+09
23,2.000,0.0133742,9.63289e-10,1.38839e+07,2.069e+09
23,3.000,0.0133967,1.44311e-09,9.28319e+06,2.069e+09
23,4.000,0.0132982,1.92874e-09,6.89472e+06,2.069e+09
23,5.000,0.0131994,2.40964e-09,5.47774e+06,2.069e+09
23,6.000,0.0131237,2.89663e-09,4.53066e+06,2.069e+09
23,8.000,0.0130182,3.86265e-09,3.37028e+06,2.069e+09
23,10.000,0.0129529,4.82911e-09,2.68226e+06,2.069e+09
23,20.000,0.0127812,9.65809e-09,1.32337e+06,2.069e+09
23,26.000,0.012723,1.25592e-08,1.01304e+06,2.069e+09
23,30.000,0.0126937,1.44943e-08,875773,2.069e+09
23,40.000,0.01264,1.93242e-08,654103,2.069e+09
23,50.000,0.012598,2.41601e-08,521437,2.069e+09
24,0.600,0.00899618,2.86208e-10,3.14323e+07,2.069e+09
24,1.000,0.0108917,4.78346e-10,2.27696e+07,2.069e+09
24,1.400,0.0117581,6.71427e-10,1.75122e+07,2.069e+09
24,1.800,0.012176,8.63975e-10,1.4093e+07,2.069e+09
24,2.000,0.0123,9.5999e-10,1.28126e+07,2.069e+09
24,3.000,0.0125053,1.44513e-09,8.65342e+06,2.069e+09
24,4.000,0.0124834,1.92572e-09,6.48248e+06,2.069e+09
24,5.000,0.0124125,2.41002e-09,5.15039e+06,2.069e+09
24,6.000,0.0123463,2.89408e-09,4.26607e+06,2.069e+09
24,8.000,0.012238,3.86297e-09,3.16804e+06,2.069e+09
24,10.000,0.0121606,4.82806e-09,2.51873e+06,2.069e+09
24,20.000,0.011928,9.66116e-09,1.23464e+06,2.069e+09
24,26.000,0.0118327,1.25588e-08,942178,2.069e+09
24,30.000,0.0117774,1.44961e-08,812457,2.069e+09
24,40.000,0.0116627,1.93256e-08,603488,2.069e+09
24,50.000,0.0115627,2.41612e-08,478567,2.069e+09
25,0.600,0.00547668,2.8815e-10,1.90063e+07,2.069e+09
25,1.000,0.00721904,4.79445e-10,1.50571e+07,2.069e+09
25,1.400,0.00822374,6.73e-10,1.22195e+07,2.069e+09
25,1.800,0.00883835,8.65723e-10,1.02092e+07,2.069e+09
25,2.000,0.00907184,9.62802e-10,9.42233e+06,2.069e+09
25,3.000,0.00971148,1.44695e-09,6.71167e+06,2.069e+09
25,4.000,0.00998245,1.92866e-09,5.17584e+06,2.069e+09
25,5.000,0.0101037,2.41129e-09,4.19016e+06,2.069e+09
25,6.000,0.0101593,2.89753e-09,3.5062e+06,2.069e+09
25,8.000,0.0101813,3.86432e-09,2.6347e+06,2.069e+09
25,10.000,0.010165,4.82816e-09,2.10536e+06,2.069e+09
25,20.000,0.0099506,9.66579e-09,1.02947e+06,2.069e+09
25,26.000,0.00982821,1.25638e-08,782263,2.069e+09
25,30.000,0.00975549,1.4498e-08,672885,2.069e+09
25,40.000,0.00959725,1.93317e-08,496452,2.069e+09
25,50.000,0.00946854,2.41653e-08,391823,2.069e+09
26,0.600,0.00763201,2.90105e-10,2.63077e+07,2.069e+09
26,1.000,0.00908393,4.81641e-10,1.88604e+07,2.069e+09
26,1.400,0.0096942,6.75015e-10,1.43615e+07,2.069e+09
26,1.800,0.00995805,8.6569e-10,1.1503e+07,2.069e+09
26,2.000,0.0100342,9.64981e-10,1.03983e+07,2.069e+09
26,3.000,0.0101471,1.44688e-09,7.01307e+06,2.069e+09
26,4.000,0.0101403,1.93043e-09,5.25287e+06,2.069e+09
26,5.000,0.0101109,2.41365e-09,4.18904e+06,2.069e+09
26,6.000,0.0100935,2.89779e-09,3.48319e+06,2.069e+09
26,8.000,0.01006,3.86347e-09,2.60388e+06,2.069e+09
26,10.000,0.0100397,4.83073e-09,2.0783e+06,2.069e+09
26,20.000,0.0100005,9.66145e-09,1.03509e+06,2.069e+09
26,26.000,0.00998879,1.25611e-08,795217,2.069e+09
26,30.000,0.00998184,1.44967e-08,688560,2.069e+09
26,40.000,0.00996104,1.93271e-08,515392,2.069e+09
26,50.000,0.00994206,2.41653e-08,411419,2.069e+09
27,0.600,0.00184986,2.8883e-10,6.40467e+06,2.069e+09
27,1.000,0.00278495,4.84705e-10,5.74565e+06,2.069e+09
27,1.400,0.0034467,6.7469e-10,5.10857e+06,2.069e+09
27,1.800,0.00394115,8.71213e-10,4.52376e+06,2.069e+09
27,2.000,0.00412599,9.65058e-10,4.27538e+06,2.069e+09
27,3.000,0.00478918,1.44839e-09,3.30655e+06,2.069e+09
27,4.000,0.00517176,1.93462e-09,2.67327e+06,2.069e+09
27,5.000,0.0053936,2.41415e-09,2.23417e+06,2.069e+09
27,6.000,0.00554115,2.89998e-09,1.91076e+06,2.069e+09
27,8.000,0.00570896,3.86388e-09,1.47752e+06,2.069e+09
27,10.000,0.00578819,4.82971e-09,1.19846e+06,2.069e+09
27,20.000,0.00585071,9.66283e-09,605487,2.069e+09
27,26.000,0.00582821,1.25639e-08,463886,2.069e+09
27,30.000,0.00580849,1.44998e-08,400591,2.069e+09
27,40.000,0.00576401,1.93304e-08,298183,2.069e+09
27,50.000,0.00572363,2.41629e-08,236876,2.069e+09
28,0.600,0.00767124,2.85417e-10,2.68772e+07,2.069e+09
28,1.000,0.00967838,4.81141e-10,2.01155e+07,2.069e+09
28,1.400,0.010701,6.71522e-10,1.59354e+07,2.069e+09
28,1.800,0.0112918,8.66601e-10,1.303e+07,2.069e+09
28,2.000,0.0114963,9.63931e-10,1.19265e+07,2.069e+09
28,3.000,0.0119928,1.44732e-09,8.28624e+06,2.069e+09
28,4.000,0.0121491,1.93099e-09,6.29162e+06,2.069e+09
28,5.000,0.0121711,2.41358e-09,5.04278e+06,2.069e+09
28,6.000,0.0121301,2.89602e-09,4.18855e+06,2.069e+09
28,8.000,0.012039,3.86563e-09,3.11438e+06,2.069e+09
28,10.000,0.0119238,4.82725e-09,2.4701e+06,2.069e+09
28,20.000,0.011481,9.66218e-09,1.18825e+06,2.069e+09
28,26.000,0.0112892,1.256e-08,898820,2.069e+09
28,30.000,0.0111822,1.4496e-08,771399,2.069e+09
28,40.000,0.0109521,1.93333e-08,566491,2.069e+09
28,50.000,0.0107648,2.41635e-08,445501,2.069e+09
29,0.600,0.0066483,2.9163e-10,2.27971e+07,2.069e+09
29,1.000,0.00860495,4.81612e-10,1.7867e+07,2.069e+09
29,1.400,0.0097178,6.74433e-10,1.44088e+07,2.069e+09
29,1.800,0.0103868,8.68711e-10,1.19565e+07,2.069e+09
29,2.000,0.0106225,9.65717e-10,1.09996e+07,2.069e+09
29,3.000,0.0112453,1.44216e-09,7.79755e+06,2.069e+09
29,4.000,0.0114736,1.93129e-09,5.9409e+06,2.069e+09
29,5.000,0.0115366,2.41338e-09,4.78025e+06,2.069e+09
29,6.000,0.0115374,2.89878e-09,3.9801e+06,2.069e+09
29,8.000,0.011476,3.86465e-09,2.96948e+06,2.069e+09
29,10.000,0.0114034,4.83277e-09,2.3596e+06,2.069e+09
29,20.000,0.0111471,9.66326e-09,1.15355e+06,2.069e+09
29,26.000,0.0110465,1.25647e-08,879170,2.069e+09
29,30.000,0.0109877,1.44954e-08,758016,2.069e+09
29,40.000,0.0108653,1.93251e-08,562236,2.069e+09
29,50.000,0.0107619,2.41626e-08,445394,2.069e+09
30,0.600,0.00549706,2.90606e-10,1.89159e+07,2.069e+09
30,1.000,0.00726495,4.8253e-10,1.50559e+07,2.069e+09
30,1.400,0.00829898,6.72867e-10,1.23338e+07,2.069e+09
30,1.800,0.0089594,8.65061e-10,1.0357e+07,2.069e+09
30,2.000,0.00920876,9.62055e-10,9.57197e+06,2.069e+09
30,3.000,0.00993791,1.44752e-09,6.86547e+06,2.069e+09
30,4.000,0.0102766,1.93093e-09,5.32208e+06,2.069e+09
30,5.000,0.0104399,2.41107e-09,4.32998e+06,2.069e+09
30,6.000,0.0105275,2.89458e-09,3.63696e+06,2.069e+09
30,8.000,0.0105894,3.86428e-09,2.74033e+06,2.069e+09
30,10.000,0.0105895,4.82801e-09,2.19335e+06,2.069e+09
30,20.000,0.010402,9.66061e-09,1.07674e+06,2.069e+09
30,26.000,0.0102822,1.25625e-08,818482,2.069e+09
30,30.000,0.0102076,1.4496e-08,704162,2.069e+09
30,40.000,0.0100465,1.93287e-08,519771,2.069e+09
30,50.000,0.00991305,2.41613e-08,410286,2.069e+09
31,0.600,0.00817003,2.88705e-10,2.82989e+07,2.069e+09
31,1.000,0.00815766,4.81548e-10,1.69405e+07,2.069e+09
31,1.400,0.00802791,6.7163e-10,1.19529e+07,2.069e+09
31,1.800,0.00793648,8.66338e-10,9.16095e+06,2.069e+09
31,2.000,0.00788341,9.65982e-10,8.16103e+06,2.069e+09
31,3.000,0.00774635,1.44786e-09,5.35022e+06,2.069e+09
31,4.000,0.00765808,1.93247e-09,3.96285e+06,2.069e+09
31,5.000,0.00759832,2.41513e-09,3.14613e+06,2.069e+09
31,6.000,0.00751404,2.89711e-09,2.59363e+06,2.069e+09
31,8.000,0.00751047,3.86252e-09,1.94445e+06,2.069e+09
31,10.000,0.00748368,4.82844e-09,1.54992e+06,2.069e+09
31,20.000,0.0074736,9.66588e-09,773194,2.069e+09
31,26.000,0.00749495,1.2566e-08,596447,2.069e+09
31,30.000,0.00751508,1.4498e-08,518353,2.069e+09
31,40.000,0.00756805,1.93317e-08,391483,2.069e+09
31,50.000,0.00762159,2.41641e-08,315410,2.069e+09
32,0.600,0.0081414,2.84881e-10,2.85783e+07,2.069e+09
32,1.000,0.00818088,4.82677e-10,1.6949e+07,2.069e+09
32,1.400,0.00810775,6.72181e-10,1.20619e+07,2.069e+09
32,1.800,0.00802701,8.66362e-10,9.26519e+06,2.069e+09
32,2.000,0.00799126,9.62928e-10,8.29892e+06,2.069e+09
32,3.000,0.00784283,1.44777e-09,5.41718e+06,2.069e+09
32,4.000,0.00773681,1.93403e-09,4.00035e+06,2.069e+09
32,5.000,0.00766231,2.41579e-09,3.17176e+06,2.069e+09
32,6.000,0.00760349,2.89531e-09,2.62614e+06,2.069e+09
32,8.000,0.00751777,3.86467e-09,1.94525e+06,2.069e+09
32,10.000,0.00745629,4.83113e-09,1.54338e+06,2.069e+09
32,20.000,0.00729852,9.66557e-09,755104,2.069e+09
32,26.000,0.00725245,1.25649e-08,577199,2.069e+09
32,30.000,0.00723044,1.44948e-08,498830,2.069e+09
32,40.000,0.00719409,1.93296e-08,372181,2.069e+09
32,50.000,0.00717297,2.41655e-08,296826,2.069e+09
33,0.600,0.0113749,2.86851e-10,3.96544e+07,2.069e+09
33,1.000,0.0111066,4.80992e-10,2.3091e+07,2.069e+09
33,1.400,0.0108716,6.73958e-10,1.6131e+07,2.069e+09
33,1.800,0.0106964,8.64787e-10,1.23689e+07,2.069e+09
33,2.000,0.0106249,9.60089e-10,1.10666e+07,2.069e+09
33,3.000,0.0103783,1.44492e-09,7.1826e+06,2.069e+09
33,4.000,0.0102215,1.93072e-09,5.29413e+06,2.069e+09
33,5.000,0.0101219,2.41392e-09,4.19315e+06,2.069e+09
33,6.000,0.0100512,2.89535e-09,3.4715e+06,2.069e+09
33,8.000,0.00995816,3.86203e-09,2.57848e+06,2.069e+09
33,10.000,0.00990088,4.83145e-09,2.04926e+06,2.069e+09
33,20.000,0.00980819,9.66178e-09,1.01515e+06,2.069e+09
33,26.000,0.00980838,1.2561e-08,780858,2.069e+09
33,30.000,0.00981621,1.44975e-08,677096,2.069e+09
33,40.000,0.00985049,1.9328e-08,509649,2.069e+09
33,50.000,0.00989451,2.41611e-08,409523,2.069e+09
34,0.600,0.00281536,2.88528e-10,9.75765e+06,2.069e+09
34,1.000,0.00393986,4.80682e-10,8.19641e+06,2.069e+09
34,1.400,0.00466558,6.73772e-10,6.92456e+06,2.069e+09
34,1.800,0.00515176,8.66282e-10,5.94697e+06,2.069e+09
34,2.000,0.00534135,9.63378e-10,5.54439e+06,2.069e+09
34,3.000,0.00592962,1.44579e-09,4.10131e+06,2.069e+09
34,4.000,0.00623168,1.93273e-09,3.22429e+06,2.069e+09
34,5.000,0.00641217,2.41639e-09,2.65361e+06,2.069e+09
34,6.000,0.00651607,2.8989e-09,2.24778e+06,2.069e+09
34,8.000,0.00662681,3.86629e-09,1.714e+06,2.069e+09
34,10.000,0.00667096,4.83264e-09,1.3804e+06,2.069e+09
34,20.000,0.00665734,9.66243e-09,688992,2.069e+09
34,26.000,0.0066147,1.25676e-08,526329,2.069e+09
34,30.000,0.00658692,1.44955e-08,454413,2.069e+09
34,40.000,0.00652505,1.93326e-08,337515,2.069e+09
34,50.000,0.0064733,2.41655e-08,267874,2.069e+09
35,0.600,0.00411651,2.876e-10,1.43133e+07,2.069e+09
35,1.000,0.00540016,4.80116e-10,1.12476e+07,2.069e+09
35,1.400,0.00613648,6.73085e-10,9.11695e+06,2.069e+09
35,1.800,0.00659794,8.67599e-10,7.60483e+06,2.069e+09
35,2.000,0.00676223,9.62242e-10,7.02758e+06,2.069e+09
35,3.000,0.00726459,1.449e-09,5.01351e+06,2.069e+09
35,4.000,0.00749827,1.93202e-09,3.88106e+06,2.069e+09
35,5.000,0.00761868,2.41199e-09,3.15867e+06,2.069e+09
35,6.000,0.00768321,2.89645e-09,2.65263e+06,2.069e+09
35,8.000,0.00773527,3.86484e-09,2.00145e+06,2.069e+09
35,10.000,0.00774036,4.82962e-09,1.60268e+06,2.069e+09
35,20.000,0.00763266,9.66425e-09,789784,2.069e+09
35,26.000,0.00756415,1.25653e-08,601987,2.069e+09
35,30.000,0.0075244,1.44981e-08,518991,2.069e+09
35,40.000,0.00744135,1.93306e-08,384952,2.069e+09
35,50.000,0.00737621,2.41665e-08,305225,2.069e+09
36,0.600,0.00867445,2.85764e-10,3.03553e+07,2.069e+09
36,1.000,0.00862179,4.80884e-10,1.7929e+07,2.069e+09
36,1.400,0.00851643,6.70823e-10,1.26955e+07,2.069e+09
36,1.800,0.00842088,8.67617e-10,9.70576e+06,2.069e+09
36,2.000,0.00838269,9.64972e-10,8.68698e+06,2.069e+09
36,3.000,0.00823489,1.44551e-09,5.69688e+06,2.069e+09
36,4.000,0.00813706,1.93169e-09,4.2124e+06,2.069e+09
36,5.000,0.00807349,2.41225e-09,3.34688e+06,2.069e+09
36,6.000,0.00802486,2.89814e-09,2.76897e+06,2.069e+09
36,8.000,0.00796137,3.86562e-09,2.05954e+06,2.069e+09
36,10.000,0.00792019,4.82872e-09,1.64023e+06,2.069e+09
36,20.000,0.00784854,9.66307e-09,812221,2.069e+09
36,26.000,0.00784277,1.25623e-08,624309,2.069e+09
36,30.000,0.00784404,1.44973e-08,541068,2.069e+09
36,40.000,0.00785854,1.93317e-08,406511,2.069e+09
36,50.000,0.00788093,2.41607e-08,326188,2.069e+09
37,0.600,0.0285115,2.78042e-10,1.02544e+08,2.069e+09
37,1.000,0.0282529,4.69046e-10,6.02348e+07,2.069e+09
37,1.400,0.0278855,6.68335e-10,4.17239e+07,2.069e+09
37,1.800,0.0276418,8.58825e-10,3.21856e+07,2.069e+09
37,2.000,0.0275397,9.56341e-10,2.87969e+07,2.069e+09
37,3.000,0.0271635,1.43953e-09,1.88697e+07,2.069e+09
37,4.000,0.0268778,1.91986e-09,1.39999e+07,2.069e+09
37,5.000,0.0266342,2.4035e-09,1.10814e+07,2.069e+09
37,6.000,0.0264193,2.88922e-09,9.14407e+06,2.069e+09
37,8.000,0.0260543,3.85802e-09,6.75328e+06,2.069e+09
37,10.000,0.0257588,4.82326e-09,5.34054e+06,2.069e+09
37,20.000,0.0248238,9.65726e-09,2.57048e+06,2.069e+09
37,26.000,0.0244912,1.25584e-08,1.95018e+06,2.069e+09
37,30.000,0.0243105,1.44884e-08,1.67794e+06,2.069e+09
37,40.000,0.0239562,1.93218e-08,1.23986e+06,2.069e+09
37,50.000,0.0236903,2.41515e-08,980906,2.069e+09
38,0.600,0.00890088,2.84968e-10,3.12346e+07,2.069e+09
38,1.000,0.00876514,4.80998e-10,1.82228e+07,2.069e+09
38,1.400,0.00862797,6.75419e-10,1.27742e+07,2.069e+09
38,1.800,0.00852687,8.65178e-10,9.85562e+06,2.069e+09
38,2.000,0.00848049,9.65249e-10,8.78581e+06,2.069e+09
38,3.000,0.00832527,1.44803e-09,5.74938e+06,2.069e+09
38,4.000,0.00822775,1.93241e-09,4.25777e+06,2.069e+09
38,5.000,0.00816489,2.41542e-09,3.38032e+06,2.069e+09
38,6.000,0.00811926,2.89569e-09,2.80391e+06,2.069e+09
38,8.000,0.00806209,3.86566e-09,2.08556e+06,2.069e+09
38,10.000,0.00802926,4.83256e-09,1.66149e+06,2.069e+09
38,20.000,0.00800129,9.6624e-09,828086,2.069e+09
38,26.000,0.00802357,1.2561e-08,638768,2.069e+09
38,30.000,0.00804201,1.44972e-08,554727,2.069e+09
38,40.000,0.00809442,1.93263e-08,418828,2.069e+09
38,50.000,0.00814731,2.41604e-08,337218,2.069e+09
39,0.600,0.0020311,2.88839e-10,7.03193e+06,2.069e+09
39,1.000,0.00306868,4.84819e-10,6.32954e+06,2.069e+09
39,1.400,0.00382657,6.78673e-10,5.63831e+06,2.069e+09
39,1.800,0.00436794,8.67966e-10,5.03238e+06,2.069e+09
39,2.000,0.00459923,9.66791e-10,4.75721e+06,2.069e+09
39,3.000,0.00533852,1.44783e-09,3.68725e+06,2.069e+09
39,4.000,0.00576088,1.93599e-09,2.97567e+06,2.069e+09
39,5.000,0.00600813,2.41736e-09,2.48541e+06,2.069e+09
39,6.000,0.00616739,2.89915e-09,2.12731e+06,2.069e+09
39,8.000,0.00634668,3.86242e-09,1.64319e+06,2.069e+09
39,10.000,0.00643113,4.83293e-09,1.33069e+06,2.069e+09
39,20.000,0.00646964,9.66598e-09,669321,2.069e+09
39,26.000,0.00642527,1.25644e-08,511387,2.069e+09
39,30.000,0.00639321,1.45019e-08,440854,2.069e+09
39,40.000,0.00631577,1.93293e-08,326745,2.069e+09
39,50.000,0.0062469,2.41632e-08,258530,2.069e+09
40,0.600,0.0347804,2.75983e-10,1.26024e+08,2.069e+09
40,1.000,0.0339638,4.71859e-10,7.19786e+07,2.069e+09
40,1.400,0.0325119,6.6199e-10,4.91123e+07,2.069e+09
40,1.800,0.0313326,8.54508e-10,3.66674e+07,2.069e+09
40,2.000,0.03084,9.53543e-10,3.23425e+07,2.069e+09
40,3.000,0.0284618,1.43976e-09,1.97684e+07,2.069e+09
40,4.000,0.027028,1.92304e-09,1.40548e+07,2.069e+09
40,5.000,0.0265512,2.4033e-09,1.10478e+07,2.069e+09
40,6.000,0.0263896,2.88935e-09,9.13338e+06,2.069e+09
40,8.000,0.0261179,3.85625e-09,6.77288e+06,2.069e+09
40,10.000,0.0258891,4.82135e-09,5.36968e+06,2.069e+09
40,20.000,0.0251077,9.65781e-09,2.59973e+06,2.069e+09
40,26.000,0.0248357,1.25568e-08,1.97787e+06,2.069e+09
40,30.000,0.0246956,1.44892e-08,1.70441e+06,2.069e+09
40,40.000,0.0244299,1.93199e-08,1.2645e+06,2.069e+09
40,50.000,0.0242371,2.41558e-08,1.00337e+06,2.069e+09
41,0.600,0.00618412,2.85609e-10,2.16524e+07,2.069e+09
41,1.000,0.00691305,4.79665e-10,1.44122e+07,2.069e+09
41,1.400,0.00733459,6.74304e-10,1.08773e+07,2.069e+09
41,1.800,0.00761368,8.68872e-10,8.76272e+06,2.069e+09
41,2.000,0.00773827,9.67952e-10,7.99448e+06,2.069e+09
41,3.000,0.00815701,1.44855e-09,5.63117e+06,2.069e+09
41,4.000,0.00843335,1.92823e-09,4.37361e+06,2.069e+09
41,5.000,0.00861516,2.41439e-09,3.56826e+06,2.069e+09
41,6.000,0.00878566,2.89531e-09,3.03444e+06,2.069e+09
41,8.000,0.00898585,3.86253e-09,2.32642e+06,2.069e+09
41,10.000,0.00910885,4.82865e-09,1.88642e+06,2.069e+09
41,20.000,0.00933527,9.66615e-09,965770,2.069e+09
41,26.000,0.00938657,1.25657e-08,747000,2.069e+09
41,30.000,0.00941096,1.44938e-08,649308,2.069e+09
41,40.000,0.00946165,1.93265e-08,489568,2.069e+09
41,50.000,0.00950777,2.41596e-08,393540,2.069e+09
42,0.600,0.00939624,2.88363e-10,3.25847e+07,2.069e+09
42,1.000,0.00934577,4.78339e-10,1.95379e+07,2.069e+09
42,1.400,0.00918198,6.75316e-10,1.35966e+07,2.069e+09
42,1.800,0.00903533,8.69306e-10,1.03937e+07,2.069e+09
42,2.000,0.00897052,9.65365e-10,9.29237e+06,2.069e+09
42,3.000,0.00873426,1.44765e-09,6.03339e+06,2.069e+09
42,4.000,0.00857445,1.92953e-09,4.44379e+06,2.069e+09
42,5.000,0.00845948,2.41323e-09,3.50546e+06,2.069e+09
42,6.000,0.00836915,2.89506e-09,2.89084e+06,2.069e+09
42,8.000,0.00823712,3.86508e-09,2.13117e+06,2.069e+09
42,10.000,0.00814676,4.82872e-09,1.68715e+06,2.069e+09
42,20.000,0.00794558,9.66224e-09,822333,2.069e+09
42,26.000,0.00790407,1.25606e-08,629276,2.069e+09
42,30.000,0.00788923,1.4493e-08,544347,2.069e+09
42,40.000,0.007875,1.9328e-08,407441,2.069e+09
42,50.000,0.00787808,2.41605e-08,326073,2.069e+09
43,0.600,0.00213085,2.91624e-10,7.30686e+06,2.069e+09
43,1.000,0.00312088,4.8129e-10,6.4844e+06,2.069e+09
43,1.400,0.00384124,6.76809e-10,5.67551e+06,2.069e+09
43,1.800,0.00433791,8.66376e-10,5.00696e+06,2.069e+09
43,2.000,0.00454363,9.64406e-10,4.71132e+06,2.069e+09
43,3.000,0.0051986,1.44722e-09,3.59212e+06,2.069e+09
43,4.000,0.00555275,1.93291e-09,2.87274e+06,2.069e+09
43,5.000,0.00576376,2.41635e-09,2.38531e+06,2.069e+09
43,6.000,0.00588805,2.89788e-09,2.03185e+06,2.069e+09
43,8.000,0.00603129,3.86641e-09,1.55992e+06,2.069e+09
43,10.000,0.0060997,4.83142e-09,1.26251e+06,2.069e+09
43,20.000,0.00613324,9.66231e-09,634759,2.069e+09
43,26.000,0.00610107,1.25664e-08,485508,2.069e+09
43,30.000,0.00607832,1.44986e-08,419235,2.069e+09
43,40.000,0.0060236,1.93279e-08,311653,2.069e+09
43,50.000,0.00597734,2.41615e-08,247391,2.069e+09
44,0.600,0.00341437,2.89002e-10,1.18143e+07,2.069e+09
44,1.000,0.00465918,4.82001e-10,9.66631e+06,2.069e+09
44,1.400,0.00539992,6.77637e-10,7.96875e+06,2.069e+09
44,1.800,0.00585931,8.6973e-10,6.73694e+06,2.069e+09
44,2.000,0.00602302,9.62473e-10,6.25786e+06,2.069e+09
44,3.000,0.00651429,1.44785e-09,4.49928e+06,2.069e+09
44,4.000,0.00672412,1.92944e-09,3.48502e+06,2.069e+09
44,5.000,0.00681728,2.4148e-09,2.82313e+06,2.069e+09
44,6.000,0.00685459,2.89691e-09,2.36617e+06,2.069e+09
44,8.000,0.00686242,3.86259e-09,1.77663e+06,2.069e+09
44,10.000,0.00683349,4.82879e-09,1.41515e+06,2.069e+09
44,20.000,0.00661038,9.66603e-09,683878,2.069e+09
44,26.000,0.00649753,1.25632e-08,517189,2.069e+09
44,30.000,0.00643731,1.43705e-08,447953,2.069e+09
44,40.000,0.00630387,1.92018e-08,328295,2.069e+09
44,50.000,0.00619975,2.40328e-08,257971,2.069e+09
45,0.600,0.00545478,2.90297e-10,1.87903e+07,2.069e+09
45,1.000,0.0065056,4.80476e-10,1.35399e+07,2.069e+09
45,1.400,0.00701247,6.72904e-10,1.04212e+07,2.069e+09
45,1.800,0.00729687,8.68276e-10,8.40386e+06,2.069e+09
45,2.000,0.00739201,9.62135e-10,7.68292e+06,2.069e+09
45,3.000,0.00762934,1.44926e-09,5.2643e+06,2.069e+09
45,4.000,0.00770294,1.93196e-09,3.98711e+06,2.069e+09
45,5.000,0.00771497,2.41516e-09,3.19439e+06,2.069e+09
45,6.000,0.00770099,2.89821e-09,2.65715e+06,2.069e+09
45,8.000,0.00764852,3.86741e-09,1.97769e+06,2.069e+09
45,10.000,0.00759187,4.83301e-09,1.57084e+06,2.069e+09
45,20.000,0.00735258,9.54243e-09,770514,2.069e+09
45,26.000,0.0072511,1.24403e-08,582873,2.069e+09
45,30.000,0.0071969,1.43747e-08,500665,2.069e+09
45,40.000,0.00709275,1.90771e-08,371794,2.069e+09
45,50.000,0.00701442,2.39097e-08,293371,2.069e+09
46,0.600,0.00929069,2.8998e-10,3.2039e+07,2.069e+09
46,1.000,0.00903209,4.81357e-10,1.87638e+07,2.069e+09
46,1.400,0.00880654,6.74613e-10,1.30542e+07,2.069e+09
46,1.800,0.00863599,8.65758e-10,9.97506e+06,2.069e+09
46,2.000,0.00856643,9.62119e-10,8.90371e+06,2.069e+09
46,3.000,0.00829203,1.44984e-09,5.71926e+06,2.069e+09
46,4.000,0.00810769,1.92937e-09,4.20225e+06,2.069e+09
46,5.000,0.0079847,2.41568e-09,3.30536e+06,2.069e+09
46,6.000,0.00788571,2.89585e-09,2.72311e+06,2.069e+09
46,8.000,0.00776066,3.73814e-09,2.07607e+06,2.069e+09
46,10.000,0.00766497,4.70621e-09,1.62869e+06,2.069e+09
46,20.000,0.00745324,9.53467e-09,781699,2.069e+09
46,26.000,0.00741038,1.23449e-08,600280,2.069e+09
46,30.000,0.00739426,1.42391e-08,519293,2.069e+09
46,40.000,0.00737898,1.89408e-08,389581,2.069e+09
46,50.000,0.00738291,2.36387e-08,312323,2.069e+09
47,0.600,0.00740332,2.85218e-10,2.59567e+07,2.069e+09
47,1.000,0.00881857,4.79203e-10,1.84026e+07,2.069e+09
47,1.400,0.00944692,6.74298e-10,1.401e+07,2.069e+09
47,1.800,0.0097603,8.67728e-10,1.12481e+07,2.069e+09
47,2.000,0.00987571,9.6224e-10,1.02633e+07,2.069e+09
47,3.000,0.0101251,1.44727e-09,6.99602e+06,2.069e+09
47,4.000,0.0101809,1.93106e-09,5.27218e+06,2.069e+09
47,5.000,0.0101843,2.41199e-09,4.22237e+06,2.069e+09
47,6.000,0.0101486,2.89801e-09,3.50191e+06,2.069e+09
47,8.000,0.0100614,3.865e-09,2.6032e+06,2.069e+09
47,10.000,0.00997901,4.82863e-09,2.06663e+06,2.069e+09
47,20.000,0.00967184,9.536e-09,1.01425e+06,2.069e+09
47,26.000,0.00955154,1.24373e-08,767977,2.069e+09
47,30.000,0.00949096,1.43696e-08,660491,2.069e+09
47,40.000,0.00937014,1.92138e-08,487677,2.069e+09
47,50.000,0.0092872,2.39376e-08,387975,2.069e+09
48,0.600,0.00230574,2.91529e-10,7.90912e+06,2.069e+09
48,1.000,0.00329069,4.83272e-10,6.80918e+06,2.069e+09
48,1.400,0.00395129,6.77868e-10,5.829e+06,2.069e+09
48,1.800,0.00439253,8.6823e-10,5.05918e+06,2.069e+09
48,2.000,0.0045708,9.67327e-10,4.72518e+06,2.069e+09
48,3.000,0.00512074,1.45009e-09,3.53132e+06,2.069e+09
48,4.000,0.00540838,1.93335e-09,2.79742e+06,2.069e+09
48,5.000,0.00556956,2.41662e-09,2.30469e+06,2.069e+09
48,6.000,0.0056672,2.90085e-09,1.95364e+06,2.069e+09
48,8.000,0.00576802,3.86364e-09,1.4929e+06,2.069e+09
48,10.000,0.00581154,4.83031e-09,1.20314e+06,2.069e+09
48,20.000,0.00579695,9.54049e-09,607616,2.069e+09
48,26.000,0.00575486,1.24415e-08,462552,2.069e+09
48,30.000,0.00572772,1.43725e-08,398519,2.069e+09
48,40.000,0.00566701,1.92077e-08,295038,2.069e+09
48,50.000,0.00561692,2.40386e-08,233662,2.069e+09
49,0.600,0.0101714,2.87704e-10,3.53537e+07,2.069e+09
49,1.000,0.0118659,4.79673e-10,2.47375e+07,2.069e+09
49,1.400,0.0125713,6.7549e-10,1.86106e+07,2.069e+09
49,1.800,0.0128595,8.66979e-10,1.48326e+07,2.069e+09
49,2.000,0.0129366,9.59886e-10,1.34773e+07,2.069e+09
49,3.000,0.0130247,1.44377e-09,9.0213e+06,2.069e+09
49,4.000,0.0129644,1.93128e-09,6.71286e+06,2.069e+09
49,5.000,0.0128883,2.41211e-09,5.34316e+06,2.069e+09
49,6.000,0.0128326,2.77165e-09,4.62995e+06,2.069e+09
49,8.000,0.0127229,3.73616e-09,3.40533e+06,2.069e+09
49,10.000,0.0126385,4.70465e-09,2.68639e+06,2.069e+09
49,20.000,0.0123986,9.40937e-09,1.31769e+06,2.069e+09
49,26.000,0.0123212,1.23085e-08,1.00104e+06,2.069e+09
49,30.000,0.0122792,1.41196e-08,869657,2.069e+09
49,40.000,0.0121727,1.89408e-08,642675,2.069e+09
49,50.000,0.0120568,2.36595e-08,509596,2.069e+09
50,0.600,0.00764582,2.85691e-10,2.67626e+07,2.069e+09
50,1.000,0.00963734,4.83882e-10,1.99167e+07,2.069e+09
50,1.400,0.0105914,6.70647e-10,1.57928e+07,2.069e+09
50,1.800,0.0111397,8.6434e-10,1.28881e+07,2.069e+09
50,2.000,0.0113405,9.66095e-10,1.17385e+07,2.069e+09
50,3.000,0.0117639,1.44681e-09,8.13089e+06,2.069e+09
50,4.000,0.0118672,1.92992e-09,6.14905e+06,2.069e+09
50,5.000,0.0118497,2.41087e-09,4.91509e+06,2.069e+09
50,6.000,0.0118384,2.89418e-09,4.09041e+06,2.069e+09
50,8.000,0.0117583,3.86131e-09,3.04515e+06,2.069e+09
50,10.000,0.0116827,4.82982e-09,2.41887e+06,2.069e+09
50,20.000,0.011384,9.53914e-09,1.1934e+06,2.069e+09
50,26.000,0.0112402,1.24353e-08,903900,2.069e+09
50,30.000,0.0111517,1.43711e-08,775982,2.069e+09
50,40.000,0.0109367,1.91927e-08,569838,2.069e+09
50,50.000,0.0107403,2.40116e-08,447297,2.069e+09
51,0.600,0.0110059,2.84782e-10,3.86466e+07,2.069e+09
51,1.000,0.0129234,4.76224e-10,2.71372e+07,2.069e+09
51,1.400,0.0136712,6.70028e-10,2.04038e+07,2.069e+09
51,1.800,0.0138651,8.64889e-10,1.60311e+07,2.069e+09
51,2.000,0.0138549,9.62878e-10,1.4389e+07,2.069e+09
51,3.000,0.0135732,1.44447e-09,9.3967e+06,2.069e+09
51,4.000,0.0133829,1.92704e-09,6.94481e+06,2.069e+09
51,5.000,0.0132796,2.41234e-09,5.50487e+06,2.069e+09
51,6.000,0.0132201,2.89369e-09,4.5686e+06,2.069e+09
51,8.000,0.0131661,3.86093e-09,3.41007e+06,2.069e+09
51,10.000,0.0131458,4.82921e-09,2.72214e+06,2.069e+09
51,20.000,0.0130674,9.65967e-09,1.35278e+06,2.069e+09
51,26.000,0.0129853,1.25625e-08,1.03365e+06,2.069e+09
51,30.000,0.0129199,1.44912e-08,891567,2.069e+09
51,40.000,0.012748,1.92314e-08,662875,2.069e+09
51,50.000,0.0125644,2.40077e-08,523350,2.069e+09
52,0.600,0.00955475,2.89355e-10,3.30209e+07,2.069e+09
52,1.000,0.0114226,4.7794e-10,2.38996e+07,2.069e+09
52,1.400,0.0122787,6.72688e-10,1.82531e+07,2.069e+09
52,1.800,0.0126554,8.67184e-10,1.45937e+07,2.069e+09
52,2.000,0.0127519,9.60144e-10,1.32812e+07,2.069e+09
52,3.000,0.012819,1.44282e-09,8.88465e+06,2.069e+09
52,4.000,0.0127055,1.92974e-09,6.58404e+06,2.069e+09
52,5.000,0.0125989,2.41174e-09,5.22401e+06,2.069e+09
52,6.000,0.0125132,2.89521e-09,4.32204e+06,2.069e+09
52,8.000,0.0124069,3.86079e-09,3.21357e+06,2.069e+09
52,10.000,0.012344,4.82595e-09,2.55784e+06,2.069e+09
52,20.000,0.0122365,9.65902e-09,1.26684e+06,2.069e+09
52,26.000,0.0121946,1.25613e-08,970813,2.069e+09
52,30.000,0.0121624,1.44944e-08,839113,2.069e+09
52,40.000,0.0120648,1.91987e-08,628417,2.069e+09
52,50.000,0.011946,2.40068e-08,497606,2.069e+09
53,0.600,0.00856365,2.88809e-10,2.96516e+07,2.069e+09
53,1.000,0.0105794,4.8145e-10,2.1974e+07,2.069e+09
53,1.400,0.0115887,6.74278e-10,1.71868e+07,2.069e+09
53,1.800,0.012132,8.64305e-10,1.40367e+07,2.069e+09
53,2.000,0.0123177,9.60982e-10,1.28178e+07,2.069e+09
53,3.000,0.0127419,1.44496e-09,8.81818e+06,2.069e+09
53,4.000,0.0128338,1.92745e-09,6.65843e+06,2.069e+09
53,5.000,0.0128188,2.40993e-09,5.31915e+06,2.069e+09
53,6.000,0.01277,2.89239e-09,4.41503e+06,2.069e+09
53,8.000,0.0126496,3.86273e-09,3.27478e+06,2.069e+09
53,10.000,0.0125363,4.82977e-09,2.59564e+06,2.069e+09
53,20.000,0.0121338,9.66528e-09,1.2554e+06,2.069e+09
53,26.000,0.0119674,1.25587e-08,952917,2.069e+09
53,30.000,0.0118684,1.44946e-08,818812,2.069e+09
53,40.000,0.0116467,1.91943e-08,606780,2.069e+09
53,50.000,0.0114328,2.40071e-08,476225,2.069e+09
54,0.600,0.00722121,2.88844e-10,2.50004e+07,2.069e+09
54,1.000,0.00915066,4.78347e-10,1.91298e+07,2.069e+09
54,1.400,0.0102214,6.72778e-10,1.51929e+07,2.069e+09
54,1.800,0.0108307,8.67037e-10,1.24917e+07,2.069e+09
54,2.000,0.0110666,9.6366e-10,1.14839e+07,2.069e+09
54,3.000,0.0116564,1.44943e-09,8.04205e+06,2.069e+09
54,4.000,0.0118695,1.92881e-09,6.15381e+06,2.069e+09
54,5.000,0.0119418,2.4151e-09,4.94462e+06,2.069e+09
54,6.000,0.0119512,2.8967e-09,4.12581e+06,2.069e+09
54,8.000,0.0119011,3.86042e-09,3.08285e+06,2.069e+09
54,10.000,0.011821,4.82669e-09,2.4491e+06,2.069e+09
54,20.000,0.0114546,9.53612e-09,1.20118e+06,2.069e+09
54,26.000,0.0112924,1.24356e-08,908067,2.069e+09
54,30.000,0.0111955,1.43652e-08,779355,2.069e+09
54,40.000,0.0109784,1.90665e-08,575794,2.069e+09
54,50.000,0.0107747,2.39143e-08,450553,2.069e+09
55,0.600,0.0100042,2.89466e-10,3.4561e+07,2.069e+09
55,1.000,0.0117077,4.76487e-10,2.45708e+07,2.069e+09
55,1.400,0.0124462,6.7412e-10,1.84629e+07,2.069e+09
55,1.800,0.0127555,8.67513e-10,1.47035e+07,2.069e+09
55,2.000,0.01284,9.60319e-10,1.33706e+07,2.069e+09
55,3.000,0.0129321,1.44376e-09,8.95725e+06,2.069e+09
55,4.000,0.0128676,1.92664e-09,6.67881e+06,2.069e+09
55,5.000,0.0127767,2.41229e-09,5.29649e+06,2.069e+09
55,6.000,0.0126947,2.89623e-09,4.38319e+06,2.069e+09
55,8.000,0.0125658,3.86006e-09,3.25533e+06,2.069e+09
55,10.000,0.0124718,4.83033e-09,2.58199e+06,2.069e+09
55,20.000,0.0122265,9.52806e-09,1.28321e+06,2.069e+09
55,26.000,0.0121505,1.24654e-08,974740,2.069e+09
55,30.000,0.0121066,1.43623e-08,842947,2.069e+09
55,40.000,0.012002,1.91852e-08,625585,2.069e+09
55,50.000,0.0118982,2.38627e-08,498612,2.069e+09
56,0.600,0.00666552,2.8993e-10,2.29901e+07,2.069e+09
56,1.000,0.00842563,4.79988e-10,1.75539e+07,2.069e+09
56,1.400,0.00939069,6.7261e-10,1.39616e+07,2.069e+09
56,1.800,0.00994835,8.67072e-10,1.14735e+07,2.069e+09
56,2.000,0.0101444,9.63468e-10,1.0529e+07,2.069e+09
56,3.000,0.0106455,1.44493e-09,7.36745e+06,2.069e+09
56,4.000,0.0108248,1.928e-09,5.61455e+06,2.069e+09
56,5.000,0.0108804,2.41503e-09,4.50529e+06,2.069e+09
56,6.000,0.0108866,2.89404e-09,3.76174e+06,2.069e+09
56,8.000,0.0108392,3.86078e-09,2.80751e+06,2.069e+09
56,10.000,0.010775,4.83048e-09,2.23062e+06,2.069e+09
56,20.000,0.0105561,9.66023e-09,1.09274e+06,2.069e+09
56,26.000,0.0104665,1.25592e-08,833371,2.069e+09
56,30.000,0.0104111,1.4493e-08,718351,2.069e+09
56,40.000,0.0102738,1.93177e-08,531837,2.069e+09
56,50.000,0.0101419,2.41292e-08,420314,2.069e+09
57,0.600,0.0033442,2.91806e-10,1.14604e+07,2.069e+09
57,1.000,0.00484346,4.81642e-10,1.00562e+07,2.069e+09
57,1.400,0.00592071,6.76486e-10,8.75216e+06,2.069e+09
57,1.800,0.00665511,8.66919e-10,7.67674e+06,2.069e+09
57,2.000,0.00693599,9.64724e-10,7.18961e+06,2.069e+09
57,3.000,0.00790151,1.44641e-09,5.46283e+06,2.069e+09
57,4.000,0.0084189,1.93176e-09,4.35814e+06,2.069e+09
57,5.000,0.00868516,2.41183e-09,3.60107e+06,2.069e+09
57,6.000,0.00885011,2.89543e-09,3.05658e+06,2.069e+09
57,8.000,0.00898879,3.7397e-09,2.40362e+06,2.069e+09
57,10.000,0.00905791,4.70208e-09,1.92636e+06,2.069e+09
57,20.000,0.00911758,9.41021e-09,968903,2.069e+09
57,26.000,0.00911071,1.23406e-08,738274,2.069e+09
57,30.000,0.00908986,1.42361e-08,638510,2.069e+09
57,40.000,0.0090267,1.89347e-08,476728,2.069e+09
57,50.000,0.00894538,2.36106e-08,378872,2.069e+09
58,0.600,0.00731766,2.86594e-10,2.55332e+07,2.069e+09
58,1.000,0.00924882,4.8132e-10,1.92155e+07,2.069e+09
58,1.400,0.010249,6.71359e-10,1.52661e+07,2.069e+09
58,1.800,0.0108496,8.67226e-10,1.25107e+07,2.069e+09
58,2.000,0.011052,9.63131e-10,1.14751e+07,2.069e+09
58,3.000,0.0115954,1.44302e-09,8.03553e+06,2.069e+09
58,4.000,0.0117982,1.92679e-09,6.12323e+06,2.069e+09
58,5.000,0.0118053,2.28801e-09,5.15965e+06,2.069e+09
58,6.000,0.0118246,2.77357e-09,4.26332e+06,2.069e+09
58,8.000,0.0117738,3.73751e-09,3.15017e+06,2.069e+09
58,10.000,0.0116854,4.70575e-09,2.48322e+06,2.069e+09
58,20.000,0.0112906,9.41587e-09,1.1991e+06,2.069e+09
58,26.000,0.0110934,1.21893e-08,910094,2.069e+09
58,30.000,0.0109687,1.41171e-08,776979,2.069e+09
58,40.000,0.0107099,1.88158e-08,569197,2.069e+09
58,50.000,0.0104748,2.35363e-08,445047,2.069e+09
59,0.600,0.0103879,2.87241e-10,3.61645e+07,2.069e+09
59,1.000,0.0121414,4.78235e-10,2.53879e+07,2.069e+09
59,1.400,0.0128676,6.71026e-10,1.91761e+07,2.069e+09
59,1.800,0.013182,8.63667e-10,1.52628e+07,2.069e+09
59,2.000,0.0132669,9.60316e-10,1.38152e+07,2.069e+09
59,3.000,0.013359,1.4437e-09,9.25332e+06,2.069e+09
59,4.000,0.0132852,1.9262e-09,6.89712e+06,2.069e+09
59,5.000,0.0131829,2.41241e-09,5.46463e+06,2.069e+09
59,6.000,0.0130921,2.8947e-09,4.52278e+06,2.069e+09
59,8.000,0.0129465,3.85987e-09,3.35413e+06,2.069e+09
59,10.000,0.012852,4.70188e-09,2.73336e+06,2.069e+09
59,20.000,0.0125574,9.53509e-09,1.31697e+06,2.069e+09
59,26.000,0.0124621,1.23077e-08,1.01255e+06,2.069e+09
59,30.000,0.0124038,1.42421e-08,870930,2.069e+09
59,40.000,0.0122678,1.90624e-08,643561,2.069e+09
59,50.000,0.0121337,2.37854e-08,510133,2.069e+09
60,0.600,0.0103779,2.87797e-10,3.60596e+07,2.069e+09
60,1.000,0.0119709,4.81831e-10,2.48445e+07,2.069e+09
60,1.400,0.012514,6.70506e-10,1.86635e+07,2.069e+09
60,1.800,0.0126828,8.67055e-10,1.46274e+07,2.069e+09
60,2.000,0.0127002,9.63393e-10,1.31828e+07,2.069e+09
60,3.000,0.0125936,1.44694e-09,8.70357e+06,2.069e+09
60,4.000,0.0124668,1.9304e-09,6.45817e+06,2.069e+09
60,5.000,0.0123731,2.40992e-09,5.13425e+06,2.069e+09
60,6.000,0.0123092,2.89292e-09,4.25494e+06,2.069e+09
60,8.000,0.0122292,3.86314e-09,3.16561e+06,2.069e+09
60,10.000,0.0121837,4.8267e-09,2.52423e+06,2.069e+09
60,20.000,0.012056,9.66114e-09,1.24789e+06,2.069e+09
60,26.000,0.0119948,1.25586e-08,955104,2.069e+09
60,30.000,0.0119524,1.43611e-08,832274,2.069e+09
60,40.000,0.011831,1.9189e-08,616548,2.069e+09
60,50.000,0.0116936,2.40005e-08,487225,2.069e+09
61,0.600,0.012496,2.86536e-10,4.36106e+07,2.069e+09
61,1.000,0.0141077,4.81669e-10,2.92893e+07,2.069e+09
61,1.400,0.0146085,6.69015e-10,2.18359e+07,2.069e+09
61,1.800,0.0147269,8.65956e-10,1.70065e+07,2.069e+09
61,2.000,0.0147245,9.64763e-10,1.52622e+07,2.069e+09
61,3.000,0.014484,1.44639e-09,1.00139e+07,2.069e+09
61,4.000,0.0142738,1.92631e-09,7.40996e+06,2.069e+09
61,5.000,0.0141295,2.41285e-09,5.85592e+06,2.069e+09
61,6.000,0.0140318,2.89875e-09,4.84064e+06,2.069e+09
61,8.000,0.0139108,3.86204e-09,3.60193e+06,2.069e+09
61,10.000,0.0138389,4.82841e-09,2.86614e+06,2.069e+09
61,20.000,0.0136229,9.53529e-09,1.42868e+06,2.069e+09
61,26.000,0.0135285,1.24371e-08,1.08775e+06,2.069e+09
61,30.000,0.013473,1.43665e-08,937806,2.069e+09
61,40.000,0.0133412,1.90659e-08,699742,2.069e+09
61,50.000,0.0132062,2.38787e-08,553053,2.069e+09
62,0.600,0.00903591,2.86464e-10,3.15429e+07,2.069e+09
62,1.000,0.0109928,4.80733e-10,2.28667e+07,2.069e+09
62,1.400,0.0118695,6.73654e-10,1.76196e+07,2.069e+09
62,1.800,0.0122906,8.63035e-10,1.42411e+07,2.069e+09
62,2.000,0.0124371,9.61036e-10,1.29414e+07,2.069e+09
62,3.000,0.0126746,1.44261e-09,8.78589e+06,2.069e+09
62,4.000,0.0126636,1.92682e-09,6.57229e+06,2.069e+09
62,5.000,0.0125927,2.40975e-09,5.22575e+06,2.069e+09
62,6.000,0.0125244,2.89697e-09,4.32327e+06,2.069e+09
62,8.000,0.0124151,3.74077e-09,3.31885e+06,2.069e+09
62,10.000,0.0123237,4.7068e-09,2.61828e+06,2.069e+09
62,20.000,0.0120264,9.53921e-09,1.26073e+06,2.069e+09
62,26.000,0.0119137,1.23137e-08,967516,2.069e+09
62,30.000,0.011847,1.42473e-08,831531,2.069e+09
62,40.000,0.0116977,1.89478e-08,617365,2.069e+09
62,50.000,0.0115598,2.36685e-08,488404,2.069e+09
63,0.600,0.00928335,2.85996e-10,3.24597e+07,2.069e+09
63,1.000,0.011186,4.78315e-10,2.33863e+07,2.069e+09
63,1.400,0.0120301,6.70242e-10,1.79489e+07,2.069e+09
63,1.800,0.0124378,8.69141e-10,1.43105e+07,2.069e+09
63,2.000,0.0125509,9.61604e-10,1.3052e+07,2.069e+09
63,3.000,0.0127187,1.44625e-09,8.79424e+06,2.069e+09
63,4.000,0.0126721,1.92893e-09,6.5695e+06,2.069e+09
63,5.000,0.0125905,2.41253e-09,5.2188e+06,2.069e+09
63,6.000,0.0125173,2.89559e-09,4.32288e+06,2.069e+09
63,8.000,0.0124014,3.85979e-09,3.21298e+06,2.069e+09
63,10.000,0.0123181,4.8263e-09,2.55229e+06,2.069e+09
63,20.000,0.0120513,9.6595e-09,1.24761e+06,2.069e+09
63,26.000,0.0119405,1.25593e-08,950730,2.069e+09
63,30.000,0.0118723,1.44947e-08,819079,2.069e+09
63,40.000,0.0117074,1.93193e-08,605996,2.069e+09
63,50.000,0.0115442,2.40081e-08,480848,2.069e+09
64,0.600,0.0101405,2.89985e-10,3.49692e+07,2.069e+09
64,1.000,0.0115703,4.81624e-10,2.40235e+07,2.069e+09
64,1.400,0.0120998,6.6958e-10,1.80707e+07,2.069e+09
64,1.800,0.0123201,8.68801e-10,1.41806e+07,2.069e+09
64,2.000,0.0123722,9.61164e-10,1.28721e+07,2.069e+09
64,3.000,0.0124031,1.44523e-09,8.58206e+06,2.069e+09
64,4.000,0.0123447,1.92668e-09,6.40725e+06,2.069e+09
64,5.000,0.0122794,2.28693e-09,5.3694e+06,2.069e+09
64,6.000,0.0122021,2.771e-09,4.4035e+06,2.069e+09
64,8.000,0.0120955,3.73833e-09,3.23554e+06,2.069e+09
64,10.000,0.0120126,4.70077e-09,2.55545e+06,2.069e+09
64,20.000,0.0118012,9.40969e-09,1.25416e+06,2.069e+09
64,26.000,0.0117353,1.22208e-08,960267,2.069e+09
64,30.000,0.0116984,1.41164e-08,828712,2.069e+09
64,40.000,0.0116027,1.88089e-08,616873,2.069e+09
64,50.000,0.0114975,2.34004e-08,491337,2.069e+09
65,0.600,0.0124829,2.869e-10,4.35095e+07,2.069e+09
65,1.000,0.0139689,4.7886e-10,2.91712e+07,2.069e+09
65,1.400,0.0144219,6.69182e-10,2.15516e+07,2.069e+09
65,1.800,0.0145362,8.6352e-10,1.68337e+07,2.069e+09
65,2.000,0.0145413,9.6157e-10,1.51225e+07,2.069e+09
65,3.000,0.0143323,1.44334e-09,9.92997e+06,2.069e+09
65,4.000,0.0140986,1.9267e-09,7.31747e+06,2.069e+09
65,5.000,0.0139446,2.41236e-09,5.78048e+06,2.069e+09
65,6.000,0.0138448,2.89549e-09,4.7815e+06,2.069e+09
65,8.000,0.0137251,3.85901e-09,3.55663e+06,2.069e+09
65,10.000,0.0136589,4.70447e-09,2.9034e+06,2.069e+09
65,20.000,0.0134632,9.53884e-09,1.4114e+06,2.069e+09
65,26.000,0.0134155,1.23094e-08,1.08986e+06,2.069e+09
65,30.000,0.0133912,1.4244e-08,940132,2.069e+09
65,40.000,0.013335,1.90674e-08,699361,2.069e+09
65,50.000,0.013267,2.37876e-08,557724,2.069e+09
66,0.600,0.00677445,2.89718e-10,2.3383e+07,2.069e+09
66,1.000,0.00834813,4.84858e-10,1.72177e+07,2.069e+09
66,1.400,0.00901764,6.71934e-10,1.34204e+07,2.069e+09
66,1.800,0.00934607,8.65657e-10,1.07965e+07,2.069e+09
66,2.000,0.00944264,9.65407e-10,9.78099e+06,2.069e+09
66,3.000,0.00962964,1.44577e-09,6.66056e+06,2.069e+09
66,4.000,0.00967404,1.9312e-09,5.00935e+06,2.069e+09
66,5.000,0.0096814,2.41153e-09,4.01464e+06,2.069e+09
66,6.000,0.00968434,2.89564e-09,3.34445e+06,2.069e+09
66,8.000,0.00969102,3.86547e-09,2.50707e+06,2.069e+09
66,10.000,0.00970014,4.83197e-09,2.00749e+06,2.069e+09
66,20.000,0.00974978,9.53934e-09,1.02206e+06,2.069e+09
66,26.000,0.00977052,1.2438e-08,785538,2.069e+09
66,30.000,0.00977478,1.43702e-08,680213,2.069e+09
66,40.000,0.00975843,1.90723e-08,511655,2.069e+09
66,50.000,0.00970841,2.38847e-08,406469,2.069e+09
67,0.600,0.0063553,2.84637e-10,2.23277e+07,2.069e+09
67,1.000,0.0066475,4.79257e-10,1.38704e+07,2.069e+09
67,1.400,0.00667582,6.72704e-10,9.92387e+06,2.069e+09
67,1.800,0.00664212,8.67157e-10,7.65965e+06,2.069e+09
67,2.000,0.00661959,9.62494e-10,6.87754e+06,2.069e+09
67,3.000,0.00650148,1.44681e-09,4.49367e+06,2.069e+09
67,4.000,0.00640571,1.92961e-09,3.31969e+06,2.069e+09
67,5.000,0.0063264,2.41842e-09,2.61592e+06,2.069e+09
67,6.000,0.00626396,2.89621e-09,2.16281e+06,2.069e+09
67,8.000,0.00618011,3.73908e-09,1.65284e+06,2.069e+09
67,10.000,0.00610992,4.70494e-09,1.29862e+06,2.069e+09
67,20.000,0.00594275,9.54144e-09,622835,2.069e+09
67,26.000,0.00590255,1.23128e-08,479383,2.069e+09
67,30.000,0.00587887,1.42475e-08,412624,2.069e+09
67,40.000,0.00583025,1.8942e-08,307795,2.069e+09
67,50.000,0.00578401,2.36636e-08,244427,2.069e+09
68,0.600,0.00636588,2.87034e-10,2.21781e+07,2.069e+09
68,1.000,0.00757646,4.81428e-10,1.57375e+07,2.069e+09
68,1.400,0.00814409,6.73227e-10,1.20971e+07,2.069e+09
68,1.800,0.00845799,8.65989e-10,9.76686e+06,2.069e+09
68,2.000,0.0085619,9.6171e-10,8.90278e+06,2.069e+09
68,3.000,0.00882121,1.44597e-09,6.10053e+06,2.069e+09
68,4.000,0.00890624,1.93088e-09,4.61252e+06,2.069e+09
68,5.000,0.0089183,2.41215e-09,3.69724e+06,2.069e+09
68,6.000,0.00890434,2.89733e-09,3.07329e+06,2.069e+09
68,8.000,0.00884747,3.86176e-09,2.29105e+06,2.069e+09
68,10.000,0.00878313,4.83198e-09,1.81771e+06,2.069e+09
68,20.000,0.00852522,9.53502e-09,894095,2.069e+09
68,26.000,0.00841624,1.24319e-08,676989,2.069e+09
68,30.000,0.00834948,1.43657e-08,581209,2.069e+09
68,40.000,0.0082106,1.91902e-08,427854,2.069e+09
68,50.000,0.00809272,2.38707e-08,339023,2.069e+09
69,0.600,0.00560044,2.86965e-10,1.95161e+07,2.069e+09
69,1.000,0.00714022,4.82653e-10,1.47937e+07,2.069e+09
69,1.400,0.00792698,6.75052e-10,1.17428e+07,2.069e+09
69,1.800,0.00838409,8.68819e-10,9.64999e+06,2.069e+09
69,2.000,0.0085381,9.62263e-10,8.87294e+06,2.069e+09
69,3.000,0.0089672,1.44904e-09,6.18837e+06,2.069e+09
69,4.000,0.00913352,1.92939e-09,4.73389e+06,2.069e+09
69,5.000,0.00919165,2.41594e-09,3.80458e+06,2.069e+09
69,6.000,0.00920451,2.89482e-09,3.17965e+06,2.069e+09
69,8.000,0.00917882,3.86505e-09,2.37483e+06,2.069e+09
69,10.000,0.00913495,4.70756e-09,1.94048e+06,2.069e+09
69,20.000,0.00888212,9.53829e-09,931206,2.069e+09
69,26.000,0.00876799,1.24363e-08,705034,2.069e+09
69,30.000,0.0087003,1.42487e-08,610601,2.069e+09
69,40.000,0.00854975,1.90678e-08,448386,2.069e+09
69,50.000,0.00841846,2.3878e-08,352561,2.069e+09
70,0.600,0.00905736,2.84907e-10,3.17906e+07,2.069e+09
70,1.000,0.00928091,4.78922e-10,1.93788e+07,2.069e+09
70,1.400,0.00925783,6.75521e-10,1.37047e+07,2.069e+09
70,1.800,0.00918725,8.64293e-10,1.06298e+07,2.069e+09
70,2.000,0.00915036,9.61508e-10,9.51667e+06,2.069e+09
70,3.000,0.0089483,1.44626e-09,6.18718e+06,2.069e+09
70,4.000,0.00878409,1.92874e-09,4.55433e+06,2.069e+09
70,5.000,0.00864857,2.412e-09,3.58564e+06,2.069e+09
70,6.000,0.00853434,2.89514e-09,2.94782e+06,2.069e+09
70,8.000,0.00837132,3.86386e-09,2.16657e+06,2.069e+09
70,10.000,0.00826566,4.8306e-09,1.71111e+06,2.069e+09
70,20.000,0.00802453,9.66496e-09,830271,2.069e+09
70,26.000,0.00796827,1.24397e-08,640554,2.069e+09
70,30.000,0.00793934,1.43716e-08,552431,2.069e+09
70,40.000,0.00788816,1.91974e-08,410898,2.069e+09
70,50.000,0.00784313,2.40061e-08,326714,2.069e+09
71,0.600,0.00581552,2.87779e-10,2.02083e+07,2.069e+09
71,1.000,0.00692,4.78787e-10,1.44532e+07,2.069e+09
71,1.400,0.00747475,6.74787e-10,1.10772e+07,2.069e+09
71,1.800,0.00777931,8.6668e-10,8.97599e+06,2.069e+09
71,2.000,0.00788852,9.65124e-10,8.17358e+06,2.069e+09
71,3.000,0.00819225,1.44872e-09,5.65483e+06,2.069e+09
71,4.000,0.0083175,1.92923e-09,4.3113e+06,2.069e+09
71,5.000,0.00835442,2.28676e-09,3.65339e+06,2.069e+09
71,6.000,0.00838291,2.76968e-09,3.02667e+06,2.069e+09
71,8.000,0.00839159,3.73505e-09,2.24671e+06,2.069e+09
71,10.000,0.00837766,4.70175e-09,1.78182e+06,2.069e+09
71,20.000,0.00827393,9.40885e-09,879377,2.069e+09
71,26.000,0.00822426,1.2211e-08,673514,2.069e+09
71,30.000,0.0081928,1.41106e-08,580613,2.069e+09
71,40.000,0.00811915,1.88077e-08,431694,2.069e+09
71,50.000,0.00804648,2.34819e-08,342667,2.069e+09
72,0.600,0.00679228,2.85001e-10,2.38325e+07,2.069e+09
72,1.000,0.0071189,4.8032e-10,1.48212e+07,2.069e+09
72,1.400,0.00715981,6.72813e-10,1.06416e+07,2.069e+09
72,1.800,0.00713838,8.66371e-10,8.2394e+06,2.069e+09
72,2.000,0.00712066,9.64219e-10,7.3849e+06,2.069e+09
72,3.000,0.00702429,1.44695e-09,4.85455e+06,2.069e+09
72,4.000,0.00694637,1.93063e-09,3.59799e+06,2.069e+09
72,5.000,0.00688335,2.41625e-09,2.84878e+06,2.069e+09
72,6.000,0.00683492,2.89875e-09,2.35788e+06,2.069e+09
72,8.000,0.00676376,3.86646e-09,1.74934e+06,2.069e+09
72,10.000,0.00671456,4.82975e-09,1.39025e+06,2.069e+09
72,20.000,0.00660352,9.53561e-09,692511,2.069e+09
72,26.000,0.00658022,1.24331e-08,529251,2.069e+09
72,30.000,0.00656821,1.43668e-08,457179,2.069e+09
72,40.000,0.00653791,1.90671e-08,342890,2.069e+09
72,50.000,0.00650192,2.38791e-08,272285,2.069e+09
73,0.600,0.00308555,2.88369e-10,1.07e+07,2.069e+09
73,1.000,0.00378349,4.84131e-10,7.81501e+06,2.069e+09
73,1.400,0.00408654,6.74332e-10,6.06013e+06,2.069e+09
73,1.800,0.00426143,8.68081e-10,4.90902e+06,2.069e+09
73,2.000,0.00432698,9.69136e-10,4.46478e+06,2.069e+09
73,3.000,0.00448464,1.44681e-09,3.09968e+06,2.069e+09
73,4.000,0.00455036,1.93213e-09,2.3551e+06,2.069e+09
73,5.000,0.00457343,2.4138e-09,1.8947e+06,2.069e+09
73,6.000,0.0045808,2.9006e-09,1.57926e+06,2.069e+09
73,8.000,0.0045736,3.86725e-09,1.18265e+06,2.069e+09
73,10.000,0.00456135,4.70871e-09,968704,2.069e+09
73,20.000,0.00446799,9.54372e-09,468161,2.069e+09
73,26.000,0.00447299,1.24369e-08,359654,2.069e+09
73,30.000,0.00445736,1.4243e-08,312951,2.069e+09
73,40.000,0.00440618,1.90683e-08,231074,2.069e+09
73,50.000,0.0043406,2.37533e-08,182737,2.069e+09
74,0.600,0.0168699,2.82552e-10,5.97056e+07,2.069e+09
74,1.000,0.016104,4.81496e-10,3.34458e+07,2.069e+09
74,1.400,0.0156049,6.69732e-10,2.33002e+07,2.069e+09
74,1.800,0.0152367,8.61708e-10,1.7682e+07,2.069e+09
74,2.000,0.0150788,9.65709e-10,1.56143e+07,2.069e+09
74,3.000,0.0145521,1.44236e-09,1.00891e+07,2.069e+09
74,4.000,0.0141979,1.93031e-09,7.35522e+06,2.069e+09
74,5.000,0.013945,2.41255e-09,5.78019e+06,2.069e+09
74,6.000,0.0137528,2.89646e-09,4.74816e+06,2.069e+09
74,8.000,0.0134787,3.86012e-09,3.49178e+06,2.069e+09
74,10.000,0.0132953,4.82971e-09,2.75282e+06,2.069e+09
74,20.000,0.0128688,9.53045e-09,1.35029e+06,2.069e+09
74,26.000,0.0127532,1.24673e-08,1.02293e+06,2.069e+09
74,30.000,0.0126992,1.43608e-08,884294,2.069e+09
74,40.000,0.0125899,1.9192e-08,656000,2.069e+09
74,50.000,0.0124973,2.38703e-08,523549,2.069e+09
75,0.600,0.00366242,2.88578e-10,1.26913e+07,2.069e+09
75,1.000,0.00480041,4.83668e-10,9.92501e+06,2.069e+09
75,1.400,0.00548003,6.77337e-10,8.09055e+06,2.069e+09
75,1.800,0.00588398,8.66837e-10,6.78788e+06,2.069e+09
75,2.000,0.00603997,9.64084e-10,6.26499e+06,2.069e+09
75,3.000,0.00652187,1.44905e-09,4.50078e+06,2.069e+09
75,4.000,0.00675951,1.92984e-09,3.50263e+06,2.069e+09
75,5.000,0.00688522,2.4168e-09,2.8489e+06,2.069e+09
75,6.000,0.00695549,2.8964e-09,2.40143e+06,2.069e+09
75,8.000,0.00701338,3.8619e-09,1.81604e+06,2.069e+09
75,10.000,0.00702409,4.83035e-09,1.45416e+06,2.069e+09
75,20.000,0.00690234,9.66702e-09,714009,2.069e+09
75,26.000,0.00682253,1.24336e-08,548717,2.069e+09
75,30.000,0.00676821,1.43664e-08,471114,2.069e+09
75,40.000,0.00663481,1.91979e-08,345600,2.069e+09
75,50.000,0.00649995,2.40098e-08,270721,2.069e+09
76,0.600,0.0300628,2.77316e-10,1.08406e+08,2.069e+09
76,1.000,0.0273455,4.71167e-10,5.80379e+07,2.069e+09
76,1.400,0.0267758,6.64183e-10,4.03139e+07,2.069e+09
76,1.800,0.0253578,8.60513e-10,2.94682e+07,2.069e+09
76,2.000,0.0272068,9.56449e-10,2.84456e+07,2.069e+09
76,3.000,0.0243626,1.43865e-09,1.69343e+07,2.069e+09
76,4.000,0.024258,1.92504e-09,1.26013e+07,2.069e+09
76,5.000,0.0242346,2.40457e-09,1.00786e+07,2.069e+09
76,6.000,0.0242399,2.76672e-09,8.76126e+06,2.069e+09
76,8.000,0.0243,3.73434e-09,6.50719e+06,2.069e+09
76,10.000,0.0243829,4.69858e-09,5.18941e+06,2.069e+09
76,20.000,0.0247824,9.41366e-09,2.6326e+06,2.069e+09
76,26.000,0.0249858,1.23111e-08,2.02954e+06,2.069e+09
76,30.000,0.025095,1.41174e-08,1.77759e+06,2.069e+09
76,40.000,0.0253406,1.8942e-08,1.3378e+06,2.069e+09
76,50.000,0.0255151,2.36645e-08,1.0782e+06,2.069e+09
77,0.600,0.00692371,2.88751e-10,2.39781e+07,2.069e+09
77,1.000,0.00778203,4.79347e-10,1.62347e+07,2.069e+09
77,1.400,0.00818495,6.74613e-10,1.21328e+07,2.069e+09
77,1.800,0.00839203,8.66258e-10,9.68768e+06,2.069e+09
77,2.000,0.00845989,9.64978e-10,8.76692e+06,2.069e+09
77,3.000,0.00864929,1.44798e-09,5.97337e+06,2.069e+09
77,4.000,0.00871673,1.92942e-09,4.51781e+06,2.069e+09
77,5.000,0.00873404,2.41607e-09,3.61498e+06,2.069e+09
77,6.000,0.00873893,2.8979e-09,3.0156e+06,2.069e+09
77,8.000,0.00872503,3.86447e-09,2.25775e+06,2.069e+09
77,10.000,0.00870401,4.70682e-09,1.84923e+06,2.069e+09
77,20.000,0.00859049,9.53884e-09,900581,2.069e+09
77,26.000,0.00854615,1.23114e-08,694169,2.069e+09
77,30.000,0.00852022,1.42467e-08,598050,2.069e+09
77,40.000,0.00846126,1.90712e-08,443667,2.069e+09
77,50.000,0.00839766,2.37953e-08,352912,2.069e+09
78,0.600,0.00101838,2.9496e-10,3.4526e+06,2.069e+09
78,1.000,0.00151582,4.834e-10,3.13576e+06,2.069e+09
78,1.400,0.00189706,6.77841e-10,2.79868e+06,2.069e+09
78,1.800,0.00218096,8.72411e-10,2.49992e+06,2.069e+09
78,2.000,0.00229157,9.65224e-10,2.37413e+06,2.069e+09
78,3.000,0.00269137,1.44962e-09,1.85661e+06,2.069e+09
78,4.000,0.00292484,1.93194e-09,1.51394e+06,2.069e+09
78,5.000,0.00307313,2.42062e-09,1.26957e+06,2.069e+09
78,6.000,0.0031736,2.89873e-09,1.09482e+06,2.069e+09
78,8.000,0.00329937,3.86848e-09,852885,2.069e+09
78,10.000,0.00337396,4.83391e-09,697976,2.069e+09
78,20.000,0.0035036,9.6624e-09,362601,2.069e+09
78,26.000,0.00352382,1.24443e-08,283168,2.069e+09
78,30.000,0.00352717,1.43731e-08,245400,2.069e+09
78,40.000,0.00350948,1.92035e-08,182752,2.069e+09
78,50.000,0.0034631,2.40196e-08,144178,2.069e+09
79,0.600,0.00828437,2.88877e-10,2.86779e+07,2.069e+09
79,1.000,0.00826739,4.82428e-10,1.71371e+07,2.069e+09
79,1.400,0.00815041,6.75345e-10,1.20685e+07,2.069e+09
79,1.800,0.00804665,8.65773e-10,9.29418e+06,2.069e+09
79,2.000,0.00800209,9.64624e-10,8.29555e+06,2.069e+09
79,3.000,0.00783104,1.44674e-09,5.4129e+06,2.069e+09
79,4.000,0.00771747,1.93023e-09,3.99822e+06,2.069e+09
79,5.000,0.00763857,2.41423e-09,3.16397e+06,2.069e+09
79,6.000,0.00757269,2.89977e-09,2.61148e+06,2.069e+09
79,8.000,0.0075025,3.86399e-09,1.94165e+06,2.069e+09
79,10.000,0.00745264,4.83195e-09,1.54237e+06,2.069e+09
79,20.000,0.00737297,9.66555e-09,762809,2.069e+09
79,26.000,0.00737385,1.25627e-08,586962,2.069e+09
79,30.000,0.00737706,1.44989e-08,508800,2.069e+09
79,40.000,0.00737734,1.93237e-08,381777,2.069e+09
79,50.000,0.0073697,2.41422e-08,305262,2.069e+09
80,0.600,0.00635739,2.87077e-10,2.21452e+07,2.069e+09
80,1.000,0.00745951,4.79734e-10,1.55492e+07,2.069e+09
80,1.400,0.00793522,6.76155e-10,1.17358e+07,2.069e+09
80,1.800,0.00815346,8.68109e-10,9.39221e+06,2.069e+09
80,2.000,0.00822514,9.64507e-10,8.52782e+06,2.069e+09
80,3.000,0.00837137,1.445e-09,5.79335e+06,2.069e+09
80,4.000,0.00839082,1.92824e-09,4.35154e+06,2.069e+09
80,5.000,0.00836709,2.41476e-09,3.46497e+06,2.069e+09
80,6.000,0.00832676,2.8969e-09,2.87437e+06,2.069e+09
80,8.000,0.00823165,3.86234e-09,2.13126e+06,2.069e+09
80,10.000,0.00814212,4.83206e-09,1.68502e+06,2.069e+09
80,20.000,0.00780201,9.66281e-09,807426,2.069e+09
80,26.000,0.00766599,1.25641e-08,610148,2.069e+09
80,30.000,0.00758643,1.44982e-08,523269,2.069e+09
80,40.000,0.00741602,1.9323e-08,383792,2.069e+09
80,50.000,0.00727124,2.41386e-08,301228,2.069e+09
81,0.600,0.00831505,2.88857e-10,2.87861e+07,2.069e+09
81,1.000,0.00839995,4.82436e-10,1.74115e+07,2.069e+09
81,1.400,0.0083519,6.76572e-10,1.23444e+07,2.069e+09
81,1.800,0.00828604,8.68726e-10,9.53816e+06,2.069e+09
81,2.000,0.00825838,9.65951e-10,8.54948e+06,2.069e+09
81,3.000,0.0081397,1.44856e-09,5.61918e+06,2.069e+09
81,4.000,0.00805775,1.93246e-09,4.16969e+06,2.069e+09
81,5.000,0.00800135,2.41133e-09,3.31823e+06,2.069e+09
81,6.000,0.00795701,2.89668e-09,2.74694e+06,2.069e+09
81,8.000,0.00789805,3.86606e-09,2.04292e+06,2.069e+09
81,10.000,0.00785981,4.82905e-09,1.62761e+06,2.069e+09
81,20.000,0.0078017,9.66212e-09,807452,2.069e+09
81,26.000,0.0078044,1.25677e-08,620987,2.069e+09
81,30.000,0.00780473,1.44947e-08,538454,2.069e+09
81,40.000,0.00780484,1.93232e-08,403911,2.069e+09
81,50.000,0.00779519,2.41416e-08,322895,2.069e+09
82,0.600,0.0047847,2.87992e-10,1.6614e+07,2.069e+09
82,1.000,0.00535769,4.84187e-10,1.10653e+07,2.069e+09
82,1.400,0.00569418,6.76605e-10,8.4158e+06,2.069e+09
82,1.800,0.00596231,8.71265e-10,6.84328e+06,2.069e+09
82,2.000,0.0060681,9.67604e-10,6.27127e+06,2.069e+09
82,3.000,0.00647657,1.44871e-09,4.47059e+06,2.069e+09
82,4.000,0.00680563,1.93262e-09,3.52146e+06,2.069e+09
82,5.000,0.00701821,2.41494e-09,2.90616e+06,2.069e+09
82,6.000,0.00717582,2.89908e-09,2.47521e+06,2.069e+09
82,8.000,0.00740475,3.86402e-09,1.91633e+06,2.069e+09
82,10.000,0.00767654,4.83017e-09,1.58929e+06,2.069e+09
82,20.000,0.00864931,9.66509e-09,894903,2.069e+09
82,26.000,0.00907714,1.25634e-08,722509,2.069e+09
82,30.000,0.00931849,1.44976e-08,642760,2.069e+09
82,40.000,0.00980909,1.93269e-08,507535,2.069e+09
82,50.000,0.0101804,2.41441e-08,421654,2.069e+09
83,0.600,0.00319802,2.91412e-10,1.09742e+07,2.069e+09
83,1.000,0.0036317,4.8417e-10,7.50088e+06,2.069e+09
83,1.400,0.00379629,6.75289e-10,5.62173e+06,2.069e+09
83,1.800,0.00389843,8.71141e-10,4.47509e+06,2.069e+09
83,2.000,0.00392217,9.64987e-10,4.06448e+06,2.069e+09
83,3.000,0.00396777,1.44792e-09,2.74032e+06,2.069e+09
83,4.000,0.00395659,1.93408e-09,2.04572e+06,2.069e+09
83,5.000,0.00393766,2.41749e-09,1.62882e+06,2.069e+09
83,6.000,0.00391552,2.89763e-09,1.35128e+06,2.069e+09
83,8.000,0.00387907,3.86291e-09,1.00418e+06,2.069e+09
83,10.000,0.00384838,4.83188e-09,796456,2.069e+09
83,20.000,0.00376299,9.66811e-09,389217,2.069e+09
83,26.000,0.00373753,1.25669e-08,297409,2.069e+09
83,30.000,0.00372154,1.45005e-08,256649,2.069e+09
83,40.000,0.00367585,1.9326e-08,190202,2.069e+09
83,50.000,0.00361975,2.41452e-08,149916,2.069e+09
84,0.600,0.00913788,2.87667e-10,3.17655e+07,2.069e+09
84,1.000,0.00911764,4.81959e-10,1.89179e+07,2.069e+09
84,1.400,0.00899126,6.73494e-10,1.33502e+07,2.069e+09
84,1.800,0.00887514,8.64396e-10,1.02674e+07,2.069e+09
84,2.000,0.00882489,9.62293e-10,9.17069e+06,2.069e+09
84,3.000,0.00864467,1.44888e-09,5.96644e+06,2.069e+09
84,4.000,0.00853434,1.93136e-09,4.41883e+06,2.069e+09
84,5.000,0.00846247,2.41301e-09,3.50703e+06,2.069e+09
84,6.000,0.00841038,2.89859e-09,2.90154e+06,2.069e+09
84,8.000,0.00834382,3.86574e-09,2.1584e+06,2.069e+09
84,10.000,0.00830124,4.82831e-09,1.71928e+06,2.069e+09
84,20.000,0.00822909,9.6643e-09,851494,2.069e+09
84,26.000,0.00822604,1.25604e-08,654920,2.069e+09
84,30.000,0.00822547,1.4496e-08,567429,2.069e+09
84,40.000,0.00821975,1.93262e-08,425316,2.069e+09
84,50.000,0.00820206,2.4143e-08,339728,2.069e+09
85,0.600,0.0147468,2.82563e-10,5.21894e+07,2.069e+09
85,1.000,0.0167513,4.78129e-10,3.5035e+07,2.069e+09
85,1.400,0.0175179,6.69102e-10,2.61812e+07,2.069e+09
85,1.800,0.0178346,8.6022e-10,2.07326e+07,2.069e+09
85,2.000,0.0179341,9.61047e-10,1.8661e+07,2.069e+09
85,3.000,0.0179668,1.44415e-09,1.24411e+07,2.069e+09
85,4.000,0.0177722,1.92602e-09,9.22743e+06,2.069e+09
85,5.000,0.0175763,2.41243e-09,7.28574e+06,2.069e+09
85,6.000,0.0173573,2.89155e-09,6.00275e+06,2.069e+09
85,8.000,0.0170721,3.85812e-09,4.42496e+06,2.069e+09
85,10.000,0.0168547,4.82625e-09,3.4923e+06,2.069e+09
85,20.000,0.0161588,9.53586e-09,1.69453e+06,2.069e+09
85,26.000,0.015869,1.2434e-08,1.27626e+06,2.069e+09
85,30.000,0.0157031,1.43719e-08,1.09263e+06,2.069e+09
85,40.000,0.0153385,1.90695e-08,804346,2.069e+09
85,50.000,0.0150059,2.38882e-08,628171,2.069e+09
86,0.600,0.00803769,2.88145e-10,2.78946e+07,2.069e+09
86,1.000,0.00964549,4.80418e-10,2.00773e+07,2.069e+09
86,1.400,0.0103576,6.74569e-10,1.53544e+07,2.069e+09
86,1.800,0.0106945,8.67045e-10,1.23344e+07,2.069e+09
86,2.000,0.010804,9.63377e-10,1.12147e+07,2.069e+09
86,3.000,0.0110016,1.44783e-09,7.5987e+06,2.069e+09
86,4.000,0.0110203,1.92797e-09,5.71603e+06,2.069e+09
86,5.000,0.0109787,2.41002e-09,4.55546e+06,2.069e+09
86,6.000,0.0109611,2.77561e-09,3.94908e+06,2.069e+09
86,8.000,0.0108891,3.73839e-09,2.91278e+06,2.069e+09
86,10.000,0.0108339,4.70841e-09,2.30096e+06,2.069e+09
86,20.000,0.0106796,9.41898e-09,1.13383e+06,2.069e+09
86,26.000,0.0106309,1.23179e-08,863049,2.069e+09
86,30.000,0.0106037,1.41263e-08,750633,2.069e+09
86,40.000,0.0105239,1.88254e-08,559027,2.069e+09
86,50.000,0.0104342,2.35436e-08,443187,2.069e+09
87,0.600,0.0079186,2.89353e-10,2.73666e+07,2.069e+09
87,1.000,0.00977679,4.79325e-10,2.0397e+07,2.069e+09
87,1.400,0.0106934,6.71187e-10,1.5932e+07,2.069e+09
87,1.800,0.0111829,8.66016e-10,1.2913e+07,2.069e+09
87,2.000,0.0113403,9.60295e-10,1.18092e+07,2.069e+09
87,3.000,0.0116786,1.44543e-09,8.07963e+06,2.069e+09
87,4.000,0.011737,1.92731e-09,6.08982e+06,2.069e+09
87,5.000,0.0117124,2.41353e-09,4.85279e+06,2.069e+09
87,6.000,0.0116704,2.89637e-09,4.02934e+06,2.069e+09
87,8.000,0.0115782,3.86309e-09,2.99713e+06,2.069e+09
87,10.000,0.0115009,4.82993e-09,2.38117e+06,2.069e+09
87,20.000,0.0112138,9.65982e-09,1.16087e+06,2.069e+09
87,26.000,0.0110873,1.25616e-08,882636,2.069e+09
87,30.000,0.0110118,1.44924e-08,759836,2.069e+09
87,40.000,0.0108306,1.93219e-08,560536,2.069e+09
87,50.000,0.0106542,2.40464e-08,443070,2.069e+09
88,0.600,0.00784431,2.85986e-10,2.7429e+07,2.069e+09
88,1.000,0.00984352,4.79297e-10,2.05374e+07,2.069e+09
88,1.400,0.0108324,6.73517e-10,1.60834e+07,2.069e+09
88,1.800,0.0113473,8.68203e-10,1.30699e+07,2.069e+09
88,2.000,0.0115093,9.6103e-10,1.1976e+07,2.069e+09
88,3.000,0.0118326,1.44294e-09,8.20032e+06,2.069e+09
88,4.000,0.0118752,1.93197e-09,6.14665e+06,2.069e+09
88,5.000,0.0118417,2.41295e-09,4.90756e+06,2.069e+09
88,6.000,0.0117851,2.89688e-09,4.06821e+06,2.069e+09
88,8.000,0.0117228,3.86622e-09,3.03211e+06,2.069e+09
88,10.000,0.011672,4.70114e-09,2.48281e+06,2.069e+09
88,20.000,0.0114779,9.53234e-09,1.2041e+06,2.069e+09
88,26.000,0.0113818,1.24321e-08,915516,2.069e+09
88,30.000,0.0113249,1.42363e-08,795495,2.069e+09
88,40.000,0.0111678,1.90587e-08,585970,2.069e+09
88,50.000,0.0110037,2.37439e-08,463431,2.069e+09
89,0.600,0.00897945,2.86989e-10,3.12885e+07,2.069e+09
89,1.000,0.0108334,4.8053e-10,2.25446e+07,2.069e+09
89,1.400,0.0116564,6.718e-10,1.7351e+07,2.069e+09
89,1.800,0.0120608,8.63451e-10,1.39681e+07,2.069e+09
89,2.000,0.0121884,9.61528e-10,1.2676e+07,2.069e+09
89,3.000,0.0124218,1.44474e-09,8.59794e+06,2.069e+09
89,4.000,0.0124368,1.92926e-09,6.44643e+06,2.069e+09
89,5.000,0.0123974,2.41303e-09,5.13771e+06,2.069e+09
89,6.000,0.0123494,2.89385e-09,4.26747e+06,2.069e+09
89,8.000,0.0122594,3.85981e-09,3.17616e+06,2.069e+09
89,10.000,0.0121888,4.83035e-09,2.52337e+06,2.069e+09
89,20.000,0.0119682,9.661e-09,1.23881e+06,2.069e+09
89,26.000,0.0118878,1.25625e-08,946292,2.069e+09
89,30.000,0.0118397,1.4499e-08,816584,2.069e+09
89,40.000,0.0117188,1.93241e-08,606436,2.069e+09
89,50.000,0.0115879,2.41499e-08,479834,2.069e+09
90,0.600,0.0055153,2.89611e-10,1.90438e+07,2.069e+09
90,1.000,0.0074458,4.8223e-10,1.54403e+07,2.069e+09
90,1.400,0.00858404,6.75537e-10,1.2707e+07,2.069e+09
90,1.800,0.0092994,8.68903e-10,1.07025e+07,2.069e+09
90,2.000,0.00954242,9.61835e-10,9.92105e+06,2.069e+09
90,3.000,0.0102953,1.44494e-09,7.12508e+06,2.069e+09
90,4.000,0.0106348,1.93202e-09,5.50449e+06,2.069e+09
90,5.000,0.0107757,2.41383e-09,4.46416e+06,2.069e+09
90,6.000,0.01084,2.894e-09,3.74569e+06,2.069e+09
90,8.000,0.0108681,3.74112e-09,2.90505e+06,2.069e+09
90,10.000,0.0108532,4.70764e-09,2.30544e+06,2.069e+09
90,20.000,0.0106355,9.5411e-09,1.11471e+06,2.069e+09
90,26.000,0.010516,1.23143e-08,853967,2.069e+09
90,30.000,0.010436,1.42522e-08,732237,2.069e+09
90,40.000,0.0102514,1.89483e-08,541021,2.069e+09
90,50.000,0.0100648,2.37626e-08,423555,2.069e+09
91,0.600,0.00601066,2.86824e-10,2.09559e+07,2.069e+09
91,1.000,0.00619901,4.82615e-10,1.28446e+07,2.069e+09
91,1.400,0.00618857,6.75747e-10,9.15811e+06,2.069e+09
91,1.800,0.00614934,8.66665e-10,7.0954e+06,2.069e+09
91,2.000,0.00613184,9.63726e-10,6.36264e+06,2.069e+09
91,3.000,0.00604217,1.44985e-09,4.16745e+06,2.069e+09
91,4.000,0.00598179,1.92982e-09,3.09966e+06,2.069e+09
91,5.000,0.00593604,2.41599e-09,2.45699e+06,2.069e+09
91,6.000,0.0058339,2.8969e-09,2.01385e+06,2.069e+09
91,8.000,0.0058503,3.86658e-09,1.51304e+06,2.069e+09
91,10.000,0.00581901,4.83005e-09,1.20475e+06,2.069e+09
91,20.000,0.00577299,9.54037e-09,605112,2.069e+09
91,26.000,0.00577525,1.2441e-08,464210,2.069e+09
91,30.000,0.00577679,1.43728e-08,401926,2.069e+09
91,40.000,0.00577418,1.91959e-08,300802,2.069e+09
91,50.000,0.00576044,2.38868e-08,241156,2.069e+09
92,0.600,0.00235096,2.9116e-10,8.07448e+06,2.069e+09
92,1.000,0.00286179,4.84687e-10,5.90439e+06,2.069e+09
92,1.400,0.00309937,6.77545e-10,4.57441e+06,2.069e+09
92,1.800,0.00321885,8.68207e-10,3.70746e+06,2.069e+09
92,2.000,0.00326184,9.68274e-10,3.36872e+06,2.069e+09
92,3.000,0.00332338,1.44731e-09,2.29625e+06,2.069e+09
92,4.000,0.00332181,1.93056e-09,1.72064e+06,2.069e+09
92,5.000,0.00330451,2.41762e-09,1.36684e+06,2.069e+09
92,6.000,0.00328299,2.89989e-09,1.13211e+06,2.069e+09
92,8.000,0.00324464,3.86511e-09,839470,2.069e+09
92,10.000,0.00321069,4.70738e-09,682055,2.069e+09
92,20.000,0.00308044,9.53852e-09,322947,2.069e+09
92,26.000,0.00303555,1.244e-08,244015,2.069e+09
92,30.000,0.00300456,1.42437e-08,210940,2.069e+09
92,40.000,0.00292832,1.90677e-08,153575,2.069e+09
92,50.000,0.00285516,2.37889e-08,120021,2.069e+09
93,0.600,0.0124546,2.84299e-10,4.38079e+07,2.069e+09
93,1.000,0.012089,4.7986e-10,2.51928e+07,2.069e+09
93,1.400,0.0117711,6.70212e-10,1.75632e+07,2.069e+09
93,1.800,0.011525,8.64154e-10,1.33367e+07,2.069e+09
93,2.000,0.011419,9.64123e-10,1.18439e+07,2.069e+09
93,3.000,0.011057,1.44817e-09,7.63512e+06,2.069e+09
93,4.000,0.0108359,1.9279e-09,5.62056e+06,2.069e+09
93,5.000,0.0106812,2.41227e-09,4.42785e+06,2.069e+09
93,6.000,0.0105691,2.89753e-09,3.64764e+06,2.069e+09
93,8.000,0.010417,3.86324e-09,2.69645e+06,2.069e+09
93,10.000,0.0103194,4.8278e-09,2.13749e+06,2.069e+09
93,20.000,0.0101302,9.66206e-09,1.04845e+06,2.069e+09
93,26.000,0.0101013,1.25599e-08,804252,2.069e+09
93,30.000,0.0100872,1.44916e-08,696071,2.069e+09
93,40.000,0.0100638,1.93209e-08,520878,2.069e+09
93,50.000,0.0100422,2.41352e-08,416082,2.069e+09
94,0.600,0.0262915,2.76655e-10,9.50337e+07,2.069e+09
94,1.000,0.0267488,4.6986e-10,5.69292e+07,2.069e+09
94,1.400,0.0257884,6.64646e-10,3.88002e+07,2.069e+09
94,1.800,0.02511,8.57356e-10,2.92877e+07,2.069e+09
94,2.000,0.0248411,9.56839e-10,2.59616e+07,2.069e+09
94,3.000,0.0239543,1.43879e-09,1.66488e+07,2.069e+09
94,4.000,0.0233894,1.92469e-09,1.21523e+07,2.069e+09
94,5.000,0.0230023,2.40461e-09,9.56592e+06,2.069e+09
94,6.000,0.022772,2.76499e-09,8.23581e+06,2.069e+09
94,8.000,0.0223274,3.73085e-09,5.98453e+06,2.069e+09
94,10.000,0.0220287,4.69816e-09,4.68878e+06,2.069e+09
94,20.000,0.0213322,9.40366e-09,2.2685e+06,2.069e+09
94,26.000,0.021139,1.23047e-08,1.71796e+06,2.069e+09
94,30.000,0.0210514,1.4108e-08,1.49216e+06,2.069e+09
94,40.000,0.0208813,1.89332e-08,1.10289e+06,2.069e+09
94,50.000,0.0207552,2.36498e-08,877608,2.069e+09
95,0.600,0.0285553,2.76223e-10,1.03378e+08,2.069e+09
95,1.000,0.0284722,4.69641e-10,6.06254e+07,2.069e+09
95,1.400,0.0279654,6.62738e-10,4.21968e+07,2.069e+09
95,1.800,0.02751,8.57129e-10,3.20955e+07,2.069e+09
95,2.000,0.027329,9.56482e-10,2.85724e+07,2.069e+09
95,3.000,0.0267214,1.4371e-09,1.85939e+07,2.069e+09
95,4.000,0.0263337,1.92306e-09,1.36937e+07,2.069e+09
95,5.000,0.0260652,2.40354e-09,1.08445e+07,2.069e+09
95,6.000,0.0258594,2.89042e-09,8.9466e+06,2.069e+09
95,8.000,0.0255647,3.85674e-09,6.62858e+06,2.069e+09
95,10.000,0.0253598,4.82329e-09,5.25778e+06,2.069e+09
95,20.000,0.0248337,9.52894e-09,2.60613e+06,2.069e+09
95,26.000,0.0245804,1.24304e-08,1.97745e+06,2.069e+09
95,30.000,0.0244296,1.43621e-08,1.70098e+06,2.069e+09
95,40.000,0.0241487,1.90568e-08,1.2672e+06,2.069e+09
95,50.000,0.0239277,2.39063e-08,1.00089e+06,2.069e+09
96,0.600,0.00610755,2.87256e-10,2.12617e+07,2.069e+09
96,1.000,0.00652176,4.79806e-10,1.35925e+07,2.069e+09
96,1.400,0.00660984,6.73567e-10,9.81318e+06,2.069e+09
96,1.800,0.00662113,8.70604e-10,7.60521e+06,2.069e+09
96,2.000,0.00661522,9.65725e-10,6.85e+06,2.069e+09
96,3.000,0.00654514,1.44965e-09,4.51498e+06,2.069e+09
96,4.000,0.00647918,1.93072e-09,3.35584e+06,2.069e+09
96,5.000,0.0064233,2.41329e-09,2.66163e+06,2.069e+09
96,6.000,0.00637629,2.89993e-09,2.19877e+06,2.069e+09
96,8.000,0.00630734,3.86631e-09,1.63136e+06,2.069e+09
96,10.000,0.00626047,4.82898e-09,1.29644e+06,2.069e+09
96,20.000,0.00615651,9.53992e-09,645342,2.069e+09
96,26.000,0.00613632,1.24367e-08,493403,2.069e+09
96,30.000,0.00612824,1.43713e-08,426422,2.069e+09
96,40.000,0.00610602,1.90702e-08,320186,2.069e+09
96,50.000,0.00607602,2.3914e-08,254078,2.069e+09
